Column1,Column2,Column3,Column4,Column5,Column6,Column7
0.0,5000.0,5000.0,0.0,5000.0,0.0,0.0
0.01,5000.0,5000.0,0.0,5000.0,0.0,0.0
0.02,5000.0,5000.0,0.0,5000.0,0.0,0.0
0.03,5000.0,5000.0,0.0,5000.0,0.0,0.0
0.04,5000.0,5000.0,0.0,5000.0,0.0,0.0
0.05,5000.0,5000.0,0.0,5000.0,0.0,0.0
0.06,5000.0,5000.0,0.0,5000.0,0.0,0.0
0.07,5000.0,5000.0,0.0,5000.0,0.0,0.0
0.08,5000.0,5000.0,0.0,5000.0,0.0,0.0
0.09,5000.0,5000.0,0.0,5000.0,0.0,0.0
0.1,5000.0,5000.0,0.0,5000.0,0.0,0.0
0.11,5000.0,5000.0,0.0,5000.0,0.0,0.0
0.12,5000.0,5000.0,0.0,5000.0,0.0,0.0
0.13,5000.0,5000.0,0.0,5000.0,0.0,0.0
0.14,5000.0,5000.0,0.0,5000.0,0.0,0.0
0.15,5000.0,5000.0,0.0,5000.0,0.0,0.0
0.16,5000.0,5000.0,0.0,5000.0,0.0,0.0
0.17,5000.0,5000.0,0.0,5000.0,0.0,0.0
0.18,5000.0,5000.0,0.0,5000.0,0.0,0.0
0.19,5000.0,5000.0,0.0,5000.0,0.0,0.0
0.2,5000.0,5000.0,0.0,5000.0,0.0,0.0
0.21,5000.0,5000.0,0.0,5000.0,0.0,0.0
0.22,5000.0,5000.0,0.0,5000.0,0.0,0.0
0.23,5000.0,5000.0,0.0,5000.0,0.0,0.0
0.24,5000.0,5000.0,0.0,5000.0,0.0,0.0
0.25,5000.0,5000.0,0.0,5000.0,0.0,0.0
0.26,5000.0,5000.0,0.0,5000.0,0.0,0.0
0.27,5000.0,5000.0,0.0,5000.0,0.0,0.0
0.28,5000.0,5000.0,0.0,5000.0,0.0,0.0
0.29,5000.0,5000.0,0.0,5000.0,0.0,0.0
0.3,5000.0,5000.0,0.0,5000.0,0.0,0.0
0.31,5000.0,5000.0,0.0,5000.0,0.0,0.0
0.32,5000.0,5000.0,0.0,5000.0,0.0,0.0
0.33,5000.0,5000.0,0.0,5000.0,0.0,0.0
0.34,5000.0,5000.0,0.0,5000.0,0.0,0.0
0.35,5000.0,5000.0,0.0,5000.0,0.0,0.0
0.36,5000.0,5000.0,0.0,5000.0,0.0,0.0
0.37,5000.0,5000.0,0.0,5000.0,0.0,0.0
0.38,5000.0,5000.0,0.0,5000.0,0.0,0.0
0.39,5000.0,5000.0,0.0,5000.0,0.0,0.0
0.4,5000.0,5000.0,0.0,5000.0,0.0,0.0
0.41,5000.0,5000.0,0.0,5000.0,0.0,0.0
0.42,5000.0,5000.0,0.0,5000.0,0.0,0.0
0.43,5000.0,5000.0,0.0,5000.0,0.0,0.0
0.44,5000.0,5000.0,0.0,5000.0,0.0,0.0
0.45,5000.0,5000.0,0.0,5000.0,0.0,0.0
0.46,5000.0,5000.0,0.0,5000.0,0.0,0.0
0.47,5000.0,5000.0,0.0,5000.0,0.0,0.0
0.48,5000.0,5000.0,0.0,5000.0,0.0,0.0
0.49,5000.0,5000.0,0.0,5000.0,0.0,0.0
0.5,5000.0,5000.0,0.0,5000.0,0.0,0.0
0.51,5000.0,5000.0,0.0,5000.0,0.0,0.0
0.52,5000.0,5000.0,0.0,5000.0,0.0,0.0
0.53,5000.0,5000.0,0.0,5000.0,0.0,0.0
0.54,5000.0,5000.0,0.0,5000.0,0.0,0.0
0.55,5000.0,5000.0,0.0,5000.0,0.0,0.0
0.56,5000.0,5000.0,0.0,5000.0,0.0,0.0
0.57,5000.0,5000.0,0.0,5000.0,0.0,0.0
0.58,5000.0,5000.0,0.0,5000.0,0.0,0.0
0.59,5000.0,5000.0,0.0,5000.0,0.0,0.0
0.6,5000.0,5000.0,0.0,5000.0,0.0,0.0
0.61,5000.0,5000.0,0.0,5000.0,0.0,0.0
0.62,5000.0,5000.0,0.0,5000.0,0.0,0.0
0.63,5000.0,5000.0,0.0,5000.0,0.0,0.0
0.64,5000.0,5000.0,0.0,5000.0,0.0,0.0
0.65,5000.0,5000.0,0.0,5000.0,0.0,0.0
0.66,5000.0,5000.0,0.0,5000.0,0.0,0.0
0.67,5000.0,5000.0,0.0,5000.0,0.0,0.0
0.68,5000.0,5000.0,0.0,5000.0,0.0,0.0
0.69,5000.0,5000.0,0.0,5000.0,0.0,0.0
0.7,5000.0,5000.0,0.0,5000.0,0.0,0.0
0.71,5000.0,5000.0,0.0,5000.0,0.0,0.0
0.72,5000.0,5000.0,0.0,5000.0,0.0,0.0
0.73,5000.0,5000.0,0.0,5000.0,0.0,0.0
0.74,5000.0,5000.0,0.0,5000.0,0.0,0.0
0.75,5000.0,5000.0,0.0,5000.0,0.0,0.0
0.76,5000.0,5000.0,0.0,5000.0,0.0,0.0
0.77,5000.0,5000.0,0.0,5000.0,0.0,0.0
0.78,5000.0,5000.0,0.0,5000.0,0.0,0.0
0.79,5000.0,5000.0,0.0,5000.0,0.0,0.0
0.8,5000.0,5000.0,0.0,5000.0,0.0,0.0
0.81,5000.0,5000.0,0.0,5000.0,0.0,0.0
0.82,5000.0,5000.0,0.0,5000.0,0.0,0.0
0.83,5000.0,5000.0,0.0,5000.0,0.0,0.0
0.84,5000.0,5000.0,0.0,5000.0,0.0,0.0
0.85,5000.0,5000.0,0.0,5000.0,0.0,0.0
0.86,5000.0,5000.0,0.0,5000.0,0.0,0.0
0.87,5000.0,5000.0,0.0,5000.0,0.0,0.0
0.88,5000.0,5000.0,0.0,5000.0,0.0,0.0
0.89,5000.0,5000.0,0.0,5000.0,0.0,0.0
0.9,5000.0,5000.0,0.0,5000.0,0.0,0.0
0.91,5000.0,5000.0,0.0,5000.0,0.0,0.0
0.92,5000.0,5000.0,0.0,5000.0,0.0,0.0
0.93,5000.0,5000.0,0.0,5000.0,0.0,0.0
0.94,5000.0,5000.0,0.0,5000.0,0.0,0.0
0.95,5000.0,5000.0,0.0,5000.0,0.0,0.0
0.96,5000.0,5000.0,0.0,5000.0,0.0,0.0
0.97,5000.0,5000.0,0.0,5000.0,0.0,0.0
0.98,5000.0,5000.0,0.0,5000.0,0.0,0.0
0.99,5000.0,5000.0,0.0,5000.0,0.0,0.0
1.0,5000.0,5000.0,0.0,5000.0,0.0,0.0
1.01,5000.0,5000.0,0.0,5000.0,0.0,0.0
1.02,5000.0,5000.0,0.0,5000.0,0.0,0.0
1.03,5000.0,5000.0,0.0,5000.0,0.0,0.0
1.04,5000.0,5000.0,0.0,5000.0,0.0,0.0
1.05,5000.0,5000.0,0.0,5000.0,0.0,0.0
1.06,5000.0,5000.0,0.0,5000.0,0.0,0.0
1.07,5000.0,5000.0,0.0,5000.0,0.0,0.0
1.08,5000.0,5000.0,0.0,5000.0,0.0,0.0
1.09,5000.0,5000.0,0.0,5000.0,0.0,0.0
1.1,5000.0,5000.0,0.0,5000.0,0.0,0.0
1.11,5000.0,5000.0,0.0,5000.0,0.0,0.0
1.12,5000.0,5000.0,0.0,5000.0,0.0,0.0
1.13,5000.0,5000.0,0.0,5000.0,0.0,0.0
1.14,5000.0,5000.0,0.0,5000.0,0.0,0.0
1.15,5000.0,5000.0,0.0,5000.0,0.0,0.0
1.16,5000.0,5000.0,0.0,5000.0,0.0,0.0
1.17,5000.0,5000.0,0.0,5000.0,0.0,0.0
1.18,5000.0,5000.0,0.0,5000.0,0.0,0.0
1.19,5000.0,5000.0,0.0,5000.0,0.0,0.0
1.2,5000.0,5000.0,0.0,5000.0,0.0,0.0
1.21,5000.0,5000.0,0.0,5000.0,0.0,0.0
1.22,5000.0,5000.0,0.0,5000.0,0.0,0.0
1.23,5000.0,5000.0,0.0,5000.0,0.0,0.0
1.24,5000.0,5000.0,0.0,5000.0,0.0,0.0
1.25,5000.0,5000.0,0.0,5000.0,0.0,0.0
1.26,5000.0,5000.0,0.0,5000.0,0.0,0.0
1.27,5000.0,5000.0,0.0,5000.0,0.0,0.0
1.28,5000.0,5000.0,0.0,5000.0,0.0,0.0
1.29,5000.0,5000.0,0.0,5000.0,0.0,0.0
1.3,5000.0,5000.0,0.0,5000.0,0.0,0.0
1.31,5000.0,5000.0,0.0,5000.0,0.0,0.0
1.32,5000.0,5000.0,0.0,5000.0,0.0,0.0
1.33,5000.0,5000.0,0.0,5000.0,0.0,0.0
1.34,5000.0,5000.0,0.0,5000.0,0.0,0.0
1.35,5000.0,5000.0,0.0,5000.0,0.0,0.0
1.36,5000.0,5000.0,0.0,5000.0,0.0,0.0
1.37,5000.0,5000.0,0.0,5000.0,0.0,0.0
1.38,5000.0,5000.0,0.0,5000.0,0.0,0.0
1.39,5000.0,5000.0,0.0,5000.0,0.0,0.0
1.4,5000.0,5000.0,0.0,5000.0,0.0,0.0
1.41,5000.0,5000.0,0.0,5000.0,0.0,0.0
1.42,5000.0,5000.0,0.0,5000.0,0.0,0.0
1.43,5000.0,5000.0,0.0,5000.0,0.0,0.0
1.44,5000.0,5000.0,0.0,5000.0,0.0,0.0
1.45,5000.0,5000.0,0.0,5000.0,0.0,0.0
1.46,5000.0,5000.0,0.0,5000.0,0.0,0.0
1.47,5000.0,5000.0,0.0,5000.0,0.0,0.0
1.48,5000.0,5000.0,0.0,5000.0,0.0,0.0
1.49,5000.0,5000.0,0.0,5000.0,0.0,0.0
1.5,5000.0,5000.0,0.0,5000.0,0.0,0.0
1.51,5000.0,5000.0,0.0,5000.0,0.0,0.0
1.52,5000.0,5000.0,0.0,5000.0,0.0,0.0
1.53,5000.0,5000.0,0.0,5000.0,0.0,0.0
1.54,5000.0,5000.0,0.0,5000.0,0.0,0.0
1.55,5000.0,5000.0,0.0,5000.0,0.0,0.0
1.56,5000.0,5000.0,0.0,5000.0,0.0,0.0
1.57,5000.0,5000.0,0.0,5000.0,0.0,0.0
1.58,5000.0,5000.0,0.0,5000.0,0.0,0.0
1.59,5000.0,5000.0,0.0,5000.0,0.0,0.0
1.6,5000.0,5000.0,0.0,5000.0,0.0,0.0
1.61,5000.0,5000.0,0.0,5000.0,0.0,0.0
1.62,5000.0,5000.0,0.0,5000.0,0.0,0.0
1.63,5000.0,5000.0,0.0,5000.0,0.0,0.0
1.64,5000.0,5000.0,0.0,5000.0,0.0,0.0
1.65,5000.0,5000.0,0.0,5000.0,0.0,0.0
1.66,5000.0,5000.0,0.0,5000.0,0.0,0.0
1.67,5000.0,5000.0,0.0,5000.0,0.0,0.0
1.68,5000.0,5000.0,0.0,5000.0,0.0,0.0
1.69,5000.0,5000.0,0.0,5000.0,0.0,0.0
1.7,5000.0,5000.0,0.0,5000.0,0.0,0.0
1.71,5000.0,5000.0,0.0,5000.0,0.0,0.0
1.72,5000.0,5000.0,0.0,5000.0,0.0,0.0
1.73,5000.0,5000.0,0.0,5000.0,0.0,0.0
1.74,5000.0,5000.0,0.0,5000.0,0.0,0.0
1.75,5000.0,5000.0,0.0,5000.0,0.0,0.0
1.76,5000.0,5000.0,0.0,5000.0,0.0,0.0
1.77,5000.0,5000.0,0.0,5000.0,0.0,0.0
1.78,5000.0,5000.0,0.0,5000.0,0.0,0.0
1.79,5000.0,5000.0,0.0,5000.0,0.0,0.0
1.8,5000.0,5000.0,0.0,5000.0,0.0,0.0
1.81,5000.0,5000.0,0.0,5000.0,0.0,0.0
1.82,5000.0,5000.0,0.0,5000.0,0.0,0.0
1.83,5000.0,5000.0,0.0,5000.0,0.0,0.0
1.84,5000.0,5000.0,0.0,5000.0,0.0,0.0
1.85,5000.0,5000.0,0.0,5000.0,0.0,0.0
1.86,5000.0,5000.0,0.0,5000.0,0.0,0.0
1.87,5000.0,5000.0,0.0,5000.0,0.0,0.0
1.88,5000.0,5000.0,0.0,5000.0,0.0,0.0
1.89,5000.0,5000.0,0.0,5000.0,0.0,0.0
1.9,5000.0,5000.0,0.0,5000.0,0.0,0.0
1.91,5000.0,5000.0,0.0,5000.0,0.0,0.0
1.92,5000.0,5000.0,0.0,5000.0,0.0,0.0
1.93,5000.0,5000.0,0.0,5000.0,0.0,0.0
1.94,5000.0,5000.0,0.0,5000.0,0.0,0.0
1.95,5000.0,5000.0,0.0,5000.0,0.0,0.0
1.96,5000.0,5000.0,0.0,5000.0,0.0,0.0
1.97,5000.0,5000.0,0.0,5000.0,0.0,0.0
1.98,5000.0,5000.0,0.0,5000.0,0.0,0.0
1.99,5000.0,5000.0,0.0,5000.0,0.0,0.0
2.0,5000.0,5000.0,0.0,5000.0,0.0,0.0
2.01,5000.0,5000.0,0.0,5000.0,0.0,0.0
2.02,5000.0,5000.0,0.0,5000.0,0.0,0.0
2.03,5000.0,5000.0,0.0,5000.0,0.0,0.0
2.04,5000.0,5000.0,0.0,5000.0,0.0,0.0
2.05,5000.0,5000.0,0.0,5000.0,0.0,0.0
2.06,5000.0,5000.0,0.0,5000.0,0.0,0.0
2.07,5000.0,5000.0,0.0,5000.0,0.0,0.0
2.08,5000.0,5000.0,0.0,5000.0,0.0,0.0
2.09,5000.0,5000.0,0.0,5000.0,0.0,0.0
2.1,5000.0,5000.0,0.0,5000.0,0.0,0.0
2.11,5000.0,5000.0,0.0,5000.0,0.0,0.0
2.12,5000.0,5000.0,0.0,5000.0,0.0,0.0
2.13,5000.0,5000.0,0.0,5000.0,0.0,0.0
2.14,5000.0,5000.0,0.0,5000.0,0.0,0.0
2.15,5000.0,5000.0,0.0,5000.0,0.0,0.0
2.16,5000.0,5000.0,0.0,5000.0,0.0,0.0
2.17,5000.0,5000.0,0.0,5000.0,0.0,0.0
2.18,5000.0,5000.0,0.0,5000.0,0.0,0.0
2.19,5000.0,5000.0,0.0,5000.0,0.0,0.0
2.2,5000.0,5000.0,0.0,5000.0,0.0,0.0
2.21,5000.0,5000.0,0.0,5000.0,0.0,0.0
2.22,5000.0,5000.0,0.0,5000.0,0.0,0.0
2.23,5000.0,5000.0,0.0,5000.0,0.0,0.0
2.24,5000.0,5000.0,0.0,5000.0,0.0,0.0
2.25,5000.0,5000.0,0.0,5000.0,0.0,0.0
2.26,5000.0,5000.0,0.0,5000.0,0.0,0.0
2.27,5000.0,5000.0,0.0,5000.0,0.0,0.0
2.28,5000.0,5000.0,0.0,5000.0,0.0,0.0
2.29,5000.0,5000.0,0.0,5000.0,0.0,0.0
2.3,5000.0,5000.0,0.0,5000.0,0.0,0.0
2.31,5000.0,5000.0,0.0,5000.0,0.0,0.0
2.32,5000.0,5000.0,0.0,5000.0,0.0,0.0
2.33,5000.0,5000.0,0.0,5000.0,0.0,0.0
2.34,5000.0,5000.0,0.0,5000.0,0.0,0.0
2.35,5000.0,5000.0,0.0,5000.0,0.0,0.0
2.36,5000.0,5000.0,0.0,5000.0,0.0,0.0
2.37,5000.0,5000.0,0.0,5000.0,0.0,0.0
2.38,5000.0,5000.0,0.0,5000.0,0.0,0.0
2.39,5000.0,5000.0,0.0,5000.0,0.0,0.0
2.4,5000.0,5000.0,0.0,5000.0,0.0,0.0
2.41,5000.0,5000.0,0.0,5000.0,0.0,0.0
2.42,5000.0,5000.0,0.0,5000.0,0.0,0.0
2.43,5000.0,5000.0,0.0,5000.0,0.0,0.0
2.44,5000.0,5000.0,0.0,5000.0,0.0,0.0
2.45,5000.0,5000.0,0.0,5000.0,0.0,0.0
2.46,5000.0,5000.0,0.0,5000.0,0.0,0.0
2.47,5000.0,5000.0,0.0,5000.0,0.0,0.0
2.48,5000.0,5000.0,0.0,5000.0,0.0,0.0
2.49,5000.0,5000.0,0.0,5000.0,0.0,0.0
2.5,5000.0,5000.0,0.0,5000.0,0.0,0.0
2.51,5000.0,5000.0,0.0,5000.0,0.0,0.0
2.52,5000.0,5000.0,0.0,5000.0,0.0,0.0
2.53,5000.0,5000.0,0.0,5000.0,0.0,0.0
2.54,5000.0,5000.0,0.0,5000.0,0.0,0.0
2.55,5000.0,5000.0,0.0,5000.0,0.0,0.0
2.56,5000.0,5000.0,0.0,5000.0,0.0,0.0
2.57,5000.0,5000.0,0.0,5000.0,0.0,0.0
2.58,5000.0,5000.0,0.0,5000.0,0.0,0.0
2.59,5000.0,5000.0,0.0,5000.0,0.0,0.0
2.6,5000.0,5000.0,0.0,5000.0,0.0,0.0
2.61,5000.0,5000.0,0.0,5000.0,0.0,0.0
2.62,5000.0,5000.0,0.0,5000.0,0.0,0.0
2.63,5000.0,5000.0,0.0,5000.0,0.0,0.0
2.64,5000.0,5000.0,0.0,5000.0,0.0,0.0
2.65,5000.0,5000.0,0.0,5000.0,0.0,0.0
2.66,5000.0,5000.0,0.0,5000.0,0.0,0.0
2.67,5000.0,5000.0,0.0,5000.0,0.0,0.0
2.68,5000.0,5000.0,0.0,5000.0,0.0,0.0
2.69,5000.0,5000.0,0.0,5000.0,0.0,0.0
2.7,5000.0,5000.0,0.0,5000.0,0.0,0.0
2.71,5000.0,5000.0,0.0,5000.0,0.0,0.0
2.72,5000.0,5000.0,0.0,5000.0,0.0,0.0
2.73,5000.0,5000.0,0.0,5000.0,0.0,0.0
2.74,5000.0,5000.0,0.0,5000.0,0.0,0.0
2.75,5000.0,5000.0,0.0,5000.0,0.0,0.0
2.76,5000.0,5000.0,0.0,5000.0,0.0,0.0
2.77,5000.0,5000.0,0.0,5000.0,0.0,0.0
2.78,5000.0,5000.0,0.0,5000.0,0.0,0.0
2.79,5000.0,5000.0,0.0,5000.0,0.0,0.0
2.8,5000.0,5000.0,0.0,5000.0,0.0,0.0
2.81,5000.0,5000.0,0.0,5000.0,0.0,0.0
2.82,5000.0,5000.0,0.0,5000.0,0.0,0.0
2.83,5000.0,5000.0,0.0,5000.0,0.0,0.0
2.84,5000.0,5000.0,0.0,5000.0,0.0,0.0
2.85,5000.0,5000.0,0.0,5000.0,0.0,0.0
2.86,5000.0,5000.0,0.0,5000.0,0.0,0.0
2.87,5000.0,5000.0,0.0,5000.0,0.0,0.0
2.88,5000.0,5000.0,0.0,5000.0,0.0,0.0
2.89,5000.0,5000.0,0.0,5000.0,0.0,0.0
2.9,5000.0,5000.0,0.0,5000.0,0.0,0.0
2.91,5000.0,5000.0,0.0,5000.0,0.0,0.0
2.92,5000.0,5000.0,0.0,5000.0,0.0,0.0
2.93,5000.0,5000.0,0.0,5000.0,0.0,0.0
2.94,5000.0,5000.0,0.0,5000.0,0.0,0.0
2.95,5000.0,5000.0,0.0,5000.0,0.0,0.0
2.96,5000.0,5000.0,0.0,5000.0,0.0,0.0
2.97,5000.0,5000.0,0.0,5000.0,0.0,0.0
2.98,5000.0,5000.0,0.0,5000.0,0.0,0.0
2.99,5000.0,5000.0,0.0,5000.0,0.0,0.0
3.0,5000.0,5000.0,0.0,5000.0,0.0,0.0
3.01,5000.0,5000.0,0.0,5000.0,0.0,0.0
3.02,5000.0,5000.0,0.0,5000.0,0.0,0.0
3.03,5000.0,5000.0,0.0,5000.0,0.0,0.0
3.04,5000.0,5000.0,0.0,5000.0,0.0,0.0
3.05,5000.0,5000.0,0.0,5000.0,0.0,0.0
3.06,5000.0,5000.0,0.0,5000.0,0.0,0.0
3.07,5000.0,5000.0,0.0,5000.0,0.0,0.0
3.08,5000.0,5000.0,0.0,5000.0,0.0,0.0
3.09,5000.0,5000.0,0.0,5000.0,0.0,0.0
3.1,5000.0,5000.0,0.0,5000.0,0.0,0.0
3.11,5000.0,5000.0,0.0,5000.0,0.0,0.0
3.12,5000.0,5000.0,0.0,5000.0,0.0,0.0
3.13,5000.0,5000.0,0.0,5000.0,0.0,0.0
3.14,5000.0,5000.0,0.0,5000.0,0.0,0.0
3.15,5000.0,5000.0,0.0,5000.0,0.0,0.0
3.16,5000.0,5000.0,0.0,5000.0,0.0,0.0
3.17,5000.0,5000.0,0.0,5000.0,0.0,0.0
3.18,5000.0,5000.0,0.0,5000.0,0.0,0.0
3.19,5000.0,5000.0,0.0,5000.0,0.0,0.0
3.2,5000.0,5000.0,0.0,5000.0,0.0,0.0
3.21,5000.0,5000.0,0.0,5000.0,0.0,0.0
3.22,5000.0,5000.0,0.0,5000.0,0.0,0.0
3.23,5000.0,5000.0,0.0,5000.0,0.0,0.0
3.24,5000.0,5000.0,0.0,5000.0,0.0,0.0
3.25,5000.0,5000.0,0.0,5000.0,0.0,0.0
3.26,5000.0,5000.0,0.0,5000.0,0.0,0.0
3.27,5000.0,5000.0,0.0,5000.0,0.0,0.0
3.28,5000.0,5000.0,0.0,5000.0,0.0,0.0
3.29,5000.0,5000.0,0.0,5000.0,0.0,0.0
3.3,5000.0,5000.0,0.0,5000.0,0.0,0.0
3.31,5000.0,5000.0,0.0,5000.0,0.0,0.0
3.32,5000.0,5000.0,0.0,5000.0,0.0,0.0
3.33,5000.0,5000.0,0.0,5000.0,0.0,0.0
3.34,5000.0,5000.0,0.0,5000.0,0.0,0.0
3.35,5000.0,5000.0,0.0,5000.0,0.0,0.0
3.36,5000.0,5000.0,0.0,5000.0,0.0,0.0
3.37,5000.0,5000.0,0.0,5000.0,0.0,0.0
3.38,5000.0,5000.0,0.0,5000.0,0.0,0.0
3.39,5000.0,5000.0,0.0,5000.0,0.0,0.0
3.4,5000.0,5000.0,0.0,5000.0,0.0,0.0
3.41,5000.0,5000.0,0.0,5000.0,0.0,0.0
3.42,5000.0,5000.0,0.0,5000.0,0.0,0.0
3.43,5000.0,5000.0,0.0,5000.0,0.0,0.0
3.44,5000.0,5000.0,0.0,5000.0,0.0,0.0
3.45,5000.0,5000.0,0.0,5000.0,0.0,0.0
3.46,5000.0,5000.0,0.0,5000.0,0.0,0.0
3.47,5000.0,5000.0,0.0,5000.0,0.0,0.0
3.48,5000.0,5000.0,0.0,5000.0,0.0,0.0
3.49,5000.0,5000.0,0.0,5000.0,0.0,0.0
3.5,5000.0,5000.0,0.0,5000.0,0.0,0.0
3.51,5000.0,5000.0,0.0,5000.0,0.0,0.0
3.52,5000.0,5000.0,0.0,5000.0,0.0,0.0
3.53,5000.0,5000.0,0.0,5000.0,0.0,0.0
3.54,5000.0,5000.0,0.0,5000.0,0.0,0.0
3.55,5000.0,5000.0,0.0,5000.0,0.0,0.0
3.56,5000.0,5000.0,0.0,5000.0,0.0,0.0
3.57,5000.0,5000.0,0.0,5000.0,0.0,0.0
3.58,5000.0,5000.0,0.0,5000.0,0.0,0.0
3.59,5000.0,5000.0,0.0,5000.0,0.0,0.0
3.6,5000.0,5000.0,0.0,5000.0,0.0,0.0
3.61,5000.0,5000.0,0.0,5000.0,0.0,0.0
3.62,5000.0,5000.0,0.0,5000.0,0.0,0.0
3.63,5000.0,5000.0,0.0,5000.0,0.0,0.0
3.64,5000.0,5000.0,0.0,5000.0,0.0,0.0
3.65,5000.0,5000.0,0.0,5000.0,0.0,0.0
3.66,5000.0,5000.0,0.0,5000.0,0.0,0.0
3.67,5000.0,5000.0,0.0,5000.0,0.0,0.0
3.68,5000.0,5000.0,0.0,5000.0,0.0,0.0
3.69,5000.0,5000.0,0.0,5000.0,0.0,0.0
3.7,5000.0,5000.0,0.0,5000.0,0.0,0.0
3.71,5000.0,5000.0,0.0,5000.0,0.0,0.0
3.72,5000.0,5000.0,0.0,5000.0,0.0,0.0
3.73,5000.0,5000.0,0.0,5000.0,0.0,0.0
3.74,5000.0,5000.0,0.0,5000.0,0.0,0.0
3.75,5000.0,5000.0,0.0,5000.0,0.0,0.0
3.76,5000.0,5000.0,0.0,5000.0,0.0,0.0
3.77,5000.0,5000.0,0.0,5000.0,0.0,0.0
3.78,5000.0,5000.0,0.0,5000.0,0.0,0.0
3.79,5000.0,5000.0,0.0,5000.0,0.0,0.0
3.8,5000.0,5000.0,0.0,5000.0,0.0,0.0
3.81,5000.0,5000.0,0.0,5000.0,0.0,0.0
3.82,5000.0,5000.0,0.0,5000.0,0.0,0.0
3.83,5000.0,5000.0,0.0,5000.0,0.0,0.0
3.84,5000.0,5000.0,0.0,5000.0,0.0,0.0
3.85,5000.0,5000.0,0.0,5000.0,0.0,0.0
3.86,5000.0,5000.0,0.0,5000.0,0.0,0.0
3.87,5000.0,5000.0,0.0,5000.0,0.0,0.0
3.88,5000.0,5000.0,0.0,5000.0,0.0,0.0
3.89,5000.0,5000.0,0.0,5000.0,0.0,0.0
3.9,5000.0,5000.0,0.0,5000.0,0.0,0.0
3.91,5000.0,5000.0,0.0,5000.0,0.0,0.0
3.92,5000.0,5000.0,0.0,5000.0,0.0,0.0
3.93,5000.0,5000.0,0.0,5000.0,0.0,0.0
3.94,5000.0,5000.0,0.0,5000.0,0.0,0.0
3.95,5000.0,5000.0,0.0,5000.0,0.0,0.0
3.96,5000.0,5000.0,0.0,5000.0,0.0,0.0
3.97,5000.0,5000.0,0.0,5000.0,0.0,0.0
3.98,5000.0,5000.0,0.0,5000.0,0.0,0.0
3.99,5000.0,5000.0,0.0,5000.0,0.0,0.0
4.0,5000.0,5000.0,0.0,5000.0,0.0,0.0
4.01,5000.0,5000.0,0.0,5000.0,0.0,0.0
4.02,5000.0,5000.0,0.0,5000.0,0.0,0.0
4.03,5000.0,5000.0,0.0,5000.0,0.0,0.0
4.04,5000.0,5000.0,0.0,5000.0,0.0,0.0
4.05,5000.0,5000.0,0.0,5000.0,0.0,0.0
4.06,5000.0,5000.0,0.0,5000.0,0.0,0.0
4.07,5000.0,5000.0,0.0,5000.0,0.0,0.0
4.08,5000.0,5000.0,0.0,5000.0,0.0,0.0
4.09,5000.0,5000.0,0.0,5000.0,0.0,0.0
4.1,5000.0,5000.0,0.0,5000.0,0.0,0.0
4.11,5000.0,5000.0,0.0,5000.0,0.0,0.0
4.12,5000.0,5000.0,0.0,5000.0,0.0,0.0
4.13,5000.0,5000.0,0.0,5000.0,0.0,0.0
4.14,5000.0,5000.0,0.0,5000.0,0.0,0.0
4.15,5000.0,5000.0,0.0,5000.0,0.0,0.0
4.16,5000.0,5000.0,0.0,5000.0,0.0,0.0
4.17,5000.0,5000.0,0.0,5000.0,0.0,0.0
4.18,5000.0,5000.0,0.0,5000.0,0.0,0.0
4.19,5000.0,5000.0,0.0,5000.0,0.0,0.0
4.2,5000.0,5000.0,0.0,5000.0,0.0,0.0
4.21,5000.0,5000.0,0.0,5000.0,0.0,0.0
4.22,5000.0,5000.0,0.0,5000.0,0.0,0.0
4.23,5000.0,5000.0,0.0,5000.0,0.0,0.0
4.24,5000.0,5000.0,0.0,5000.0,0.0,0.0
4.25,5000.0,5000.0,0.0,5000.0,0.0,0.0
4.26,5000.0,5000.0,0.0,5000.0,0.0,0.0
4.27,5000.0,5000.0,0.0,5000.0,0.0,0.0
4.28,5000.0,5000.0,0.0,5000.0,0.0,0.0
4.29,5000.0,5000.0,0.0,5000.0,0.0,0.0
4.3,5000.0,5000.0,0.0,5000.0,0.0,0.0
4.31,5000.0,5000.0,0.0,5000.0,0.0,0.0
4.32,5000.0,5000.0,0.0,5000.0,0.0,0.0
4.33,5000.0,5000.0,0.0,5000.0,0.0,0.0
4.34,5000.0,5000.0,0.0,5000.0,0.0,0.0
4.35,5000.0,5000.0,0.0,5000.0,0.0,0.0
4.36,5000.0,5000.0,0.0,5000.0,0.0,0.0
4.37,5000.0,5000.0,0.0,5000.0,0.0,0.0
4.38,5000.0,5000.0,0.0,5000.0,0.0,0.0
4.39,5000.0,5000.0,0.0,5000.0,0.0,0.0
4.4,5000.0,5000.0,0.0,5000.0,0.0,0.0
4.41,5000.0,5000.0,0.0,5000.0,0.0,0.0
4.42,5000.0,5000.0,0.0,5000.0,0.0,0.0
4.43,5000.0,5000.0,0.0,5000.0,0.0,0.0
4.44,5000.0,5000.0,0.0,5000.0,0.0,0.0
4.45,5000.0,5000.0,0.0,5000.0,0.0,0.0
4.46,5000.0,5000.0,0.0,5000.0,0.0,0.0
4.47,5000.0,5000.0,0.0,5000.0,0.0,0.0
4.48,5000.0,5000.0,0.0,5000.0,0.0,0.0
4.49,5000.0,5000.0,0.0,5000.0,0.0,0.0
4.5,5000.0,5000.0,0.0,5000.0,0.0,0.0
4.51,5000.0,5000.0,0.0,5000.0,0.0,0.0
4.52,5000.0,5000.0,0.0,5000.0,0.0,0.0
4.53,5000.0,5000.0,0.0,5000.0,0.0,0.0
4.54,5000.0,5000.0,0.0,5000.0,0.0,0.0
4.55,5000.0,5000.0,0.0,5000.0,0.0,0.0
4.56,5000.0,5000.0,0.0,5000.0,0.0,0.0
4.57,5000.0,5000.0,0.0,5000.0,0.0,0.0
4.58,5000.0,5000.0,0.0,5000.0,0.0,0.0
4.59,5000.0,5000.0,0.0,5000.0,0.0,0.0
4.6,5000.0,5000.0,0.0,5000.0,0.0,0.0
4.61,5000.0,5000.0,0.0,5000.0,0.0,0.0
4.62,5000.0,5000.0,0.0,5000.0,0.0,0.0
4.63,5000.0,5000.0,0.0,5000.0,0.0,0.0
4.64,5000.0,5000.0,0.0,5000.0,0.0,0.0
4.65,5000.0,5000.0,0.0,5000.0,0.0,0.0
4.66,5000.0,5000.0,0.0,5000.0,0.0,0.0
4.67,5000.0,5000.0,0.0,5000.0,0.0,0.0
4.68,5000.0,5000.0,0.0,5000.0,0.0,0.0
4.69,5000.0,5000.0,0.0,5000.0,0.0,0.0
4.7,5000.0,5000.0,0.0,5000.0,0.0,0.0
4.71,5000.0,5000.0,0.0,5000.0,0.0,0.0
4.72,5000.0,5000.0,0.0,5000.0,0.0,0.0
4.73,5000.0,5000.0,0.0,5000.0,0.0,0.0
4.74,5000.0,5000.0,0.0,5000.0,0.0,0.0
4.75,5000.0,5000.0,0.0,5000.0,0.0,0.0
4.76,5000.0,5000.0,0.0,5000.0,0.0,0.0
4.77,5000.0,5000.0,0.0,5000.0,0.0,0.0
4.78,5000.0,5000.0,0.0,5000.0,0.0,0.0
4.79,5000.0,5000.0,0.0,5000.0,0.0,0.0
4.8,5000.0,5000.0,0.0,5000.0,0.0,0.0
4.81,5000.0,5000.0,0.0,5000.0,0.0,0.0
4.82,5000.0,5000.0,0.0,5000.0,0.0,0.0
4.83,5000.0,5000.0,0.0,5000.0,0.0,0.0
4.84,5000.0,5000.0,0.0,5000.0,0.0,0.0
4.85,5000.0,5000.0,0.0,5000.0,0.0,0.0
4.86,5000.0,5000.0,0.0,5000.0,0.0,0.0
4.87,5000.0,5000.0,0.0,5000.0,0.0,0.0
4.88,5000.0,5000.0,0.0,5000.0,0.0,0.0
4.89,5000.0,5000.0,0.0,5000.0,0.0,0.0
4.9,5000.0,5000.0,0.0,5000.0,0.0,0.0
4.91,5000.0,5000.0,0.0,5000.0,0.0,0.0
4.92,5000.0,5000.0,0.0,5000.0,0.0,0.0
4.93,5000.0,5000.0,0.0,5000.0,0.0,0.0
4.94,5000.0,5000.0,0.0,5000.0,0.0,0.0
4.95,5000.0,5000.0,0.0,5000.0,0.0,0.0
4.96,5000.0,5000.0,0.0,5000.0,0.0,0.0
4.97,5000.0,5000.0,0.0,5000.0,0.0,0.0
4.98,5000.0,5000.0,0.0,5000.0,0.0,0.0
4.99,5000.0,5000.0,0.0,5000.0,0.0,0.0
5.0,5000.0,5000.0,0.0,5000.0,0.0,0.0
5.01,5000.0,5000.0,0.0,5000.0,0.0,0.0
5.02,5000.0,5000.0,0.0,5000.0,0.0,0.0
5.03,5000.0,5000.0,0.0,5000.0,0.0,0.0
5.04,5000.0,5000.0,0.0,5000.0,0.0,0.0
5.05,5000.0,5000.0,0.0,5000.0,0.0,0.0
5.06,5000.0,5000.0,0.0,5000.0,0.0,0.0
5.07,5000.0,5000.0,0.0,5000.0,0.0,0.0
5.08,5000.0,5000.0,0.0,5000.0,0.0,0.0
5.09,5000.0,5000.0,0.0,5000.0,0.0,0.0
5.1,5000.0,5000.0,0.0,5000.0,0.0,0.0
5.11,5000.0,5000.0,0.0,5000.0,0.0,0.0
5.12,5000.0,5000.0,0.0,5000.0,0.0,0.0
5.13,5000.0,5000.0,0.0,5000.0,0.0,0.0
5.14,5000.0,5000.0,0.0,5000.0,0.0,0.0
5.15,5000.0,5000.0,0.0,5000.0,0.0,0.0
5.16,5000.0,5000.0,0.0,5000.0,0.0,0.0
5.17,5000.0,5000.0,0.0,5000.0,0.0,0.0
5.18,5000.0,5000.0,0.0,5000.0,0.0,0.0
5.19,5000.0,5000.0,0.0,5000.0,0.0,0.0
5.2,5000.0,5000.0,0.0,5000.0,0.0,0.0
5.21,5000.0,5000.0,0.0,5000.0,0.0,0.0
5.22,5000.0,5000.0,0.0,5000.0,0.0,0.0
5.23,5000.0,5000.0,0.0,5000.0,0.0,0.0
5.24,5000.0,5000.0,0.0,5000.0,0.0,0.0
5.25,5000.0,5000.0,0.0,5000.0,0.0,0.0
5.26,5000.0,5000.0,0.0,5000.0,0.0,0.0
5.27,5000.0,5000.0,0.0,5000.0,0.0,0.0
5.28,5000.0,5000.0,0.0,5000.0,0.0,0.0
5.29,5000.0,5000.0,0.0,5000.0,0.0,0.0
5.3,5000.0,5000.0,0.0,5000.0,0.0,0.0
5.31,5000.0,5000.0,0.0,5000.0,0.0,0.0
5.32,5000.0,5000.0,0.0,5000.0,0.0,0.0
5.33,5000.0,5000.0,0.0,5000.0,0.0,0.0
5.34,5000.0,5000.0,0.0,5000.0,0.0,0.0
5.35,5000.0,5000.0,0.0,5000.0,0.0,0.0
5.36,5000.0,5000.0,0.0,5000.0,0.0,0.0
5.37,5000.0,5000.0,0.0,5000.0,0.0,0.0
5.38,5000.0,5000.0,0.0,5000.0,0.0,0.0
5.39,5000.0,5000.0,0.0,5000.0,0.0,0.0
5.4,5000.0,5000.0,0.0,5000.0,0.0,0.0
5.41,5000.0,5000.0,0.0,5000.0,0.0,0.0
5.42,5000.0,5000.0,0.0,5000.0,0.0,0.0
5.43,5000.0,5000.0,0.0,5000.0,0.0,0.0
5.44,5000.0,5000.0,0.0,5000.0,0.0,0.0
5.45,5000.0,5000.0,0.0,5000.0,0.0,0.0
5.46,5000.0,5000.0,0.0,5000.0,0.0,0.0
5.47,5000.0,5000.0,0.0,5000.0,0.0,0.0
5.48,5000.0,5000.0,0.0,5000.0,0.0,0.0
5.49,5000.0,5000.0,0.0,5000.0,0.0,0.0
5.5,5000.0,5000.0,0.0,5000.0,0.0,0.0
5.51,5000.0,5000.0,0.0,5000.0,0.0,0.0
5.52,5000.0,5000.0,0.0,5000.0,0.0,0.0
5.53,5000.0,5000.0,0.0,5000.0,0.0,0.0
5.54,5000.0,5000.0,0.0,5000.0,0.0,0.0
5.55,5000.0,5000.0,0.0,5000.0,0.0,0.0
5.56,5000.0,5000.0,0.0,5000.0,0.0,0.0
5.57,5000.0,5000.0,0.0,5000.0,0.0,0.0
5.58,5000.0,5000.0,0.0,5000.0,0.0,0.0
5.59,5000.0,5000.0,0.0,5000.0,0.0,0.0
5.6,5000.0,5000.0,0.0,5000.0,0.0,0.0
5.61,5000.0,5000.0,0.0,5000.0,0.0,0.0
5.62,5000.0,5000.0,0.0,5000.0,0.0,0.0
5.63,5000.0,5000.0,0.0,5000.0,0.0,0.0
5.64,5000.0,5000.0,0.0,5000.0,0.0,0.0
5.65,5000.0,5000.0,0.0,5000.0,0.0,0.0
5.66,5000.0,5000.0,0.0,5000.0,0.0,0.0
5.67,5000.0,5000.0,0.0,5000.0,0.0,0.0
5.68,5000.0,5000.0,0.0,5000.0,0.0,0.0
5.69,5000.0,5000.0,0.0,5000.0,0.0,0.0
5.7,5000.0,5000.0,0.0,5000.0,0.0,0.0
5.71,5000.0,5000.0,0.0,5000.0,0.0,0.0
5.72,5000.0,5000.0,0.0,5000.0,0.0,0.0
5.73,5000.0,5000.0,0.0,5000.0,0.0,0.0
5.74,5000.0,5000.0,0.0,5000.0,0.0,0.0
5.75,5000.0,5000.0,0.0,5000.0,0.0,0.0
5.76,5000.0,5000.0,0.0,5000.0,0.0,0.0
5.77,5000.0,5000.0,0.0,5000.0,0.0,0.0
5.78,5000.0,5000.0,0.0,5000.0,0.0,0.0
5.79,5000.0,5000.0,0.0,5000.0,0.0,0.0
5.8,5000.0,5000.0,0.0,5000.0,0.0,0.0
5.81,5000.0,5000.0,0.0,5000.0,0.0,0.0
5.82,5000.0,5000.0,0.0,5000.0,0.0,0.0
5.83,5000.0,5000.0,0.0,5000.0,0.0,0.0
5.84,5000.0,5000.0,0.0,5000.0,0.0,0.0
5.85,5000.0,5000.0,0.0,5000.0,0.0,0.0
5.86,5000.0,5000.0,0.0,5000.0,0.0,0.0
5.87,5000.0,5000.0,0.0,5000.0,0.0,0.0
5.88,5000.0,5000.0,0.0,5000.0,0.0,0.0
5.89,5000.0,5000.0,0.0,5000.0,0.0,0.0
5.9,5000.0,5000.0,0.0,5000.0,0.0,0.0
5.91,5000.0,5000.0,0.0,5000.0,0.0,0.0
5.92,5000.0,5000.0,0.0,5000.0,0.0,0.0
5.93,5000.0,5000.0,0.0,5000.0,0.0,0.0
5.94,5000.0,5000.0,0.0,5000.0,0.0,0.0
5.95,5000.0,5000.0,0.0,5000.0,0.0,0.0
5.96,5000.0,5000.0,0.0,5000.0,0.0,0.0
5.97,5000.0,5000.0,0.0,5000.0,0.0,0.0
5.98,5000.0,5000.0,0.0,5000.0,0.0,0.0
5.99,5000.0,5000.0,0.0,5000.0,0.0,0.0
6.0,5000.0,5000.0,0.0,5000.0,0.0,0.0
6.01,5000.0,5000.0,0.0,5000.0,0.0,0.0
6.02,5000.0,5000.0,0.0,5000.0,0.0,0.0
6.03,5000.0,5000.0,0.0,5000.0,0.0,0.0
6.04,5000.0,5000.0,0.0,5000.0,0.0,0.0
6.05,5000.0,5000.0,0.0,5000.0,0.0,0.0
6.06,5000.0,5000.0,0.0,5000.0,0.0,0.0
6.07,5000.0,5000.0,0.0,5000.0,0.0,0.0
6.08,5000.0,5000.0,0.0,5000.0,0.0,0.0
6.09,5000.0,5000.0,0.0,5000.0,0.0,0.0
6.1,5000.0,5000.0,0.0,5000.0,0.0,0.0
6.11,5000.0,5000.0,0.0,5000.0,0.0,0.0
6.12,5000.0,5000.0,0.0,5000.0,0.0,0.0
6.13,5000.0,5000.0,0.0,5000.0,0.0,0.0
6.14,5000.0,5000.0,0.0,5000.0,0.0,0.0
6.15,5000.0,5000.0,0.0,5000.0,0.0,0.0
6.16,5000.0,5000.0,0.0,5000.0,0.0,0.0
6.17,5000.0,5000.0,0.0,5000.0,0.0,0.0
6.18,5000.0,5000.0,0.0,5000.0,0.0,0.0
6.19,5000.0,5000.0,0.0,5000.0,0.0,0.0
6.2,5000.0,5000.0,0.0,5000.0,0.0,0.0
6.21,5000.0,5000.0,0.0,5000.0,0.0,0.0
6.22,5000.0,5000.0,0.0,5000.0,0.0,0.0
6.23,5000.0,5000.0,0.0,5000.0,0.0,0.0
6.24,5000.0,5000.0,0.0,5000.0,0.0,0.0
6.25,5000.0,5000.0,0.0,5000.0,0.0,0.0
6.26,5000.0,5000.0,0.0,5000.0,0.0,0.0
6.27,5000.0,5000.0,0.0,5000.0,0.0,0.0
6.28,5000.0,5000.0,0.0,5000.0,0.0,0.0
6.29,5000.0,5000.0,0.0,5000.0,0.0,0.0
6.3,5000.0,5000.0,0.0,5000.0,0.0,0.0
6.31,5000.0,5000.0,0.0,5000.0,0.0,0.0
6.32,5000.0,5000.0,0.0,5000.0,0.0,0.0
6.33,5000.0,5000.0,0.0,5000.0,0.0,0.0
6.34,5000.0,5000.0,0.0,5000.0,0.0,0.0
6.35,5000.0,5000.0,0.0,5000.0,0.0,0.0
6.36,5000.0,5000.0,0.0,5000.0,0.0,0.0
6.37,5000.0,5000.0,0.0,5000.0,0.0,0.0
6.38,5000.0,5000.0,0.0,5000.0,0.0,0.0
6.39,5000.0,5000.0,0.0,5000.0,0.0,0.0
6.4,5000.0,5000.0,0.0,5000.0,0.0,0.0
6.41,5000.0,5000.0,0.0,5000.0,0.0,0.0
6.42,5000.0,5000.0,0.0,5000.0,0.0,0.0
6.43,5000.0,5000.0,0.0,5000.0,0.0,0.0
6.44,5000.0,5000.0,0.0,5000.0,0.0,0.0
6.45,5000.0,5000.0,0.0,5000.0,0.0,0.0
6.46,5000.0,5000.0,0.0,5000.0,0.0,0.0
6.47,5000.0,5000.0,0.0,5000.0,0.0,0.0
6.48,5000.0,5000.0,0.0,5000.0,0.0,0.0
6.49,5000.0,5000.0,0.0,5000.0,0.0,0.0
6.5,5000.0,5000.0,0.0,5000.0,0.0,0.0
6.51,5000.0,5000.0,0.0,5000.0,0.0,0.0
6.52,5000.0,5000.0,0.0,5000.0,0.0,0.0
6.53,5000.0,5000.0,0.0,5000.0,0.0,0.0
6.54,5000.0,5000.0,0.0,5000.0,0.0,0.0
6.55,5000.0,5000.0,0.0,5000.0,0.0,0.0
6.56,5000.0,5000.0,0.0,5000.0,0.0,0.0
6.57,5000.0,5000.0,0.0,5000.0,0.0,0.0
6.58,5000.0,5000.0,0.0,5000.0,0.0,0.0
6.59,5000.0,5000.0,0.0,5000.0,0.0,0.0
6.6,5000.0,5000.0,0.0,5000.0,0.0,0.0
6.61,5000.0,5000.0,0.0,5000.0,0.0,0.0
6.62,5000.0,5000.0,0.0,5000.0,0.0,0.0
6.63,5000.0,5000.0,0.0,5000.0,0.0,0.0
6.64,5000.0,5000.0,0.0,5000.0,0.0,0.0
6.65,5000.0,5000.0,0.0,5000.0,0.0,0.0
6.66,5000.0,5000.0,0.0,5000.0,0.0,0.0
6.67,5000.0,5000.0,0.0,5000.0,0.0,0.0
6.68,5000.0,5000.0,0.0,5000.0,0.0,0.0
6.69,5000.0,5000.0,0.0,5000.0,0.0,0.0
6.7,5000.0,5000.0,0.0,5000.0,0.0,0.0
6.71,5000.0,5000.0,0.0,5000.0,0.0,0.0
6.72,5000.0,5000.0,0.0,5000.0,0.0,0.0
6.73,5000.0,5000.0,0.0,5000.0,0.0,0.0
6.74,5000.0,5000.0,0.0,5000.0,0.0,0.0
6.75,5000.0,5000.0,0.0,5000.0,0.0,0.0
6.76,5000.0,5000.0,0.0,5000.0,0.0,0.0
6.77,5000.0,5000.0,0.0,5000.0,0.0,0.0
6.78,5000.0,5000.0,0.0,5000.0,0.0,0.0
6.79,5000.0,5000.0,0.0,5000.0,0.0,0.0
6.8,5000.0,5000.0,0.0,5000.0,0.0,0.0
6.81,5000.0,5000.0,0.0,5000.0,0.0,0.0
6.82,5000.0,5000.0,0.0,5000.0,0.0,0.0
6.83,5000.0,5000.0,0.0,5000.0,0.0,0.0
6.84,5000.0,5000.0,0.0,5000.0,0.0,0.0
6.85,5000.0,5000.0,0.0,5000.0,0.0,0.0
6.86,5000.0,5000.0,0.0,5000.0,0.0,0.0
6.87,5000.0,5000.0,0.0,5000.0,0.0,0.0
6.88,5000.0,5000.0,0.0,5000.0,0.0,0.0
6.89,5000.0,5000.0,0.0,5000.0,0.0,0.0
6.9,5000.0,5000.0,0.0,5000.0,0.0,0.0
6.91,5000.0,5000.0,0.0,5000.0,0.0,0.0
6.92,5000.0,5000.0,0.0,5000.0,0.0,0.0
6.93,5000.0,5000.0,0.0,5000.0,0.0,0.0
6.94,5000.0,5000.0,0.0,5000.0,0.0,0.0
6.95,5000.0,5000.0,0.0,5000.0,0.0,0.0
6.96,5000.0,5000.0,0.0,5000.0,0.0,0.0
6.97,5000.0,5000.0,0.0,5000.0,0.0,0.0
6.98,5000.0,5000.0,0.0,5000.0,0.0,0.0
6.99,5000.0,5000.0,0.0,5000.0,0.0,0.0
7.0,5000.0,5000.0,0.0,5000.0,0.0,0.0
7.01,5000.0,5000.0,0.0,5000.0,0.0,0.0
7.02,5000.0,5000.0,0.0,5000.0,0.0,0.0
7.03,5000.0,5000.0,0.0,5000.0,0.0,0.0
7.04,5000.0,5000.0,0.0,5000.0,0.0,0.0
7.05,5000.0,5000.0,0.0,5000.0,0.0,0.0
7.06,5000.0,5000.0,0.0,5000.0,0.0,0.0
7.07,5000.0,5000.0,0.0,5000.0,0.0,0.0
7.08,5000.0,5000.0,0.0,5000.0,0.0,0.0
7.09,5000.0,5000.0,0.0,5000.0,0.0,0.0
7.1,5000.0,5000.0,0.0,5000.0,0.0,0.0
7.11,5000.0,5000.0,0.0,5000.0,0.0,0.0
7.12,5000.0,5000.0,0.0,5000.0,0.0,0.0
7.13,5000.0,5000.0,0.0,5000.0,0.0,0.0
7.14,5000.0,5000.0,0.0,5000.0,0.0,0.0
7.15,5000.0,5000.0,0.0,5000.0,0.0,0.0
7.16,5000.0,5000.0,0.0,5000.0,0.0,0.0
7.17,5000.0,5000.0,0.0,5000.0,0.0,0.0
7.18,5000.0,5000.0,0.0,5000.0,0.0,0.0
7.19,5000.0,5000.0,0.0,5000.0,0.0,0.0
7.2,5000.0,5000.0,0.0,5000.0,0.0,0.0
7.21,5000.0,5000.0,0.0,5000.0,0.0,0.0
7.22,5000.0,5000.0,0.0,5000.0,0.0,0.0
7.23,5000.0,5000.0,0.0,5000.0,0.0,0.0
7.24,5000.0,5000.0,0.0,5000.0,0.0,0.0
7.25,5000.0,5000.0,0.0,5000.0,0.0,0.0
7.26,5000.0,5000.0,0.0,5000.0,0.0,0.0
7.27,5000.0,5000.0,0.0,5000.0,0.0,0.0
7.28,5000.0,5000.0,0.0,5000.0,0.0,0.0
7.29,5000.0,5000.0,0.0,5000.0,0.0,0.0
7.3,5000.0,5000.0,0.0,5000.0,0.0,0.0
7.31,5000.0,5000.0,0.0,5000.0,0.0,0.0
7.32,5000.0,5000.0,0.0,5000.0,0.0,0.0
7.33,5000.0,5000.0,0.0,5000.0,0.0,0.0
7.34,5000.0,5000.0,0.0,5000.0,0.0,0.0
7.35,5000.0,5000.0,0.0,5000.0,0.0,0.0
7.36,5000.0,5000.0,0.0,5000.0,0.0,0.0
7.37,5000.0,5000.0,0.0,5000.0,0.0,0.0
7.38,5000.0,5000.0,0.0,5000.0,0.0,0.0
7.39,5000.0,5000.0,0.0,5000.0,0.0,0.0
7.4,5000.0,5000.0,0.0,5000.0,0.0,0.0
7.41,5000.0,5000.0,0.0,5000.0,0.0,0.0
7.42,5000.0,5000.0,0.0,5000.0,0.0,0.0
7.43,5000.0,5000.0,0.0,5000.0,0.0,0.0
7.44,5000.0,5000.0,0.0,5000.0,0.0,0.0
7.45,5000.0,5000.0,0.0,5000.0,0.0,0.0
7.46,5000.0,5000.0,0.0,5000.0,0.0,0.0
7.47,5000.0,5000.0,0.0,5000.0,0.0,0.0
7.48,5000.0,5000.0,0.0,5000.0,0.0,0.0
7.49,5000.0,5000.0,0.0,5000.0,0.0,0.0
7.5,5000.0,5000.0,0.0,5000.0,0.0,0.0
7.51,5000.0,5000.0,0.0,5000.0,0.0,0.0
7.52,5000.0,5000.0,0.0,5000.0,0.0,0.0
7.53,5000.0,5000.0,0.0,5000.0,0.0,0.0
7.54,5000.0,5000.0,0.0,5000.0,0.0,0.0
7.55,5000.0,5000.0,0.0,5000.0,0.0,0.0
7.56,5000.0,5000.0,0.0,5000.0,0.0,0.0
7.57,5000.0,5000.0,0.0,5000.0,0.0,0.0
7.58,5000.0,5000.0,0.0,5000.0,0.0,0.0
7.59,5000.0,5000.0,0.0,5000.0,0.0,0.0
7.6,5000.0,5000.0,0.0,5000.0,0.0,0.0
7.61,5000.0,5000.0,0.0,5000.0,0.0,0.0
7.62,5000.0,5000.0,0.0,5000.0,0.0,0.0
7.63,5000.0,5000.0,0.0,5000.0,0.0,0.0
7.64,5000.0,5000.0,0.0,5000.0,0.0,0.0
7.65,5000.0,5000.0,0.0,5000.0,0.0,0.0
7.66,5000.0,5000.0,0.0,5000.0,0.0,0.0
7.67,5000.0,5000.0,0.0,5000.0,0.0,0.0
7.68,5000.0,5000.0,0.0,5000.0,0.0,0.0
7.69,5000.0,5000.0,0.0,5000.0,0.0,0.0
7.7,5000.0,5000.0,0.0,5000.0,0.0,0.0
7.71,5000.0,5000.0,0.0,5000.0,0.0,0.0
7.72,5000.0,5000.0,0.0,5000.0,0.0,0.0
7.73,5000.0,5000.0,0.0,5000.0,0.0,0.0
7.74,5000.0,5000.0,0.0,5000.0,0.0,0.0
7.75,5000.0,5000.0,0.0,5000.0,0.0,0.0
7.76,5000.0,5000.0,0.0,5000.0,0.0,0.0
7.77,5000.0,5000.0,0.0,5000.0,0.0,0.0
7.78,5000.0,5000.0,0.0,5000.0,0.0,0.0
7.79,5000.0,5000.0,0.0,5000.0,0.0,0.0
7.8,5000.0,5000.0,0.0,5000.0,0.0,0.0
7.81,5000.0,5000.0,0.0,5000.0,0.0,0.0
7.82,5000.0,5000.0,0.0,5000.0,0.0,0.0
7.83,5000.0,5000.0,0.0,5000.0,0.0,0.0
7.84,5000.0,5000.0,0.0,5000.0,0.0,0.0
7.85,5000.0,5000.0,0.0,5000.0,0.0,0.0
7.86,5000.0,5000.0,0.0,5000.0,0.0,0.0
7.87,5000.0,5000.0,0.0,5000.0,0.0,0.0
7.88,5000.0,5000.0,0.0,5000.0,0.0,0.0
7.89,5000.0,5000.0,0.0,5000.0,0.0,0.0
7.9,5000.0,5000.0,0.0,5000.0,0.0,0.0
7.91,5000.0,5000.0,0.0,5000.0,0.0,0.0
7.92,5000.0,5000.0,0.0,5000.0,0.0,0.0
7.93,5000.0,5000.0,0.0,5000.0,0.0,0.0
7.94,5000.0,5000.0,0.0,5000.0,0.0,0.0
7.95,5000.0,5000.0,0.0,5000.0,0.0,0.0
7.96,5000.0,5000.0,0.0,5000.0,0.0,0.0
7.97,5000.0,5000.0,0.0,5000.0,0.0,0.0
7.98,5000.0,5000.0,0.0,5000.0,0.0,0.0
7.99,5000.0,5000.0,0.0,5000.0,0.0,0.0
8.0,5000.0,5000.0,0.0,5000.0,0.0,0.0
8.01,5000.0,5000.0,0.0,5000.0,0.0,0.0
8.02,5000.0,5000.0,0.0,5000.0,0.0,0.0
8.03,5000.0,5000.0,0.0,5000.0,0.0,0.0
8.04,5000.0,5000.0,0.0,5000.0,0.0,0.0
8.05,5000.0,5000.0,0.0,5000.0,0.0,0.0
8.06,5000.0,5000.0,0.0,5000.0,0.0,0.0
8.07,5000.0,5000.0,0.0,5000.0,0.0,0.0
8.08,5000.0,5000.0,0.0,5000.0,0.0,0.0
8.09,5000.0,5000.0,0.0,5000.0,0.0,0.0
8.1,5000.0,5000.0,0.0,5000.0,0.0,0.0
8.11,5000.0,5000.0,0.0,5000.0,0.0,0.0
8.12,5000.0,5000.0,0.0,5000.0,0.0,0.0
8.13,5000.0,5000.0,0.0,5000.0,0.0,0.0
8.14,5000.0,5000.0,0.0,5000.0,0.0,0.0
8.15,5000.0,5000.0,0.0,5000.0,0.0,0.0
8.16,5000.0,5000.0,0.0,5000.0,0.0,0.0
8.17,5000.0,5000.0,0.0,5000.0,0.0,0.0
8.18,5000.0,5000.0,0.0,5000.0,0.0,0.0
8.19,5000.0,5000.0,0.0,5000.0,0.0,0.0
8.2,5000.0,5000.0,0.0,5000.0,0.0,0.0
8.21,5000.0,5000.0,0.0,5000.0,0.0,0.0
8.22,5000.0,5000.0,0.0,5000.0,0.0,0.0
8.23,5000.0,5000.0,0.0,5000.0,0.0,0.0
8.24,5000.0,5000.0,0.0,5000.0,0.0,0.0
8.25,5000.0,5000.0,0.0,5000.0,0.0,0.0
8.26,5000.0,5000.0,0.0,5000.0,0.0,0.0
8.27,5000.0,5000.0,0.0,5000.0,0.0,0.0
8.28,5000.0,5000.0,0.0,5000.0,0.0,0.0
8.29,5000.0,5000.0,0.0,5000.0,0.0,0.0
8.3,5000.0,5000.0,0.0,5000.0,0.0,0.0
8.31,5000.0,5000.0,0.0,5000.0,0.0,0.0
8.32,5000.0,5000.0,0.0,5000.0,0.0,0.0
8.33,5000.0,5000.0,0.0,5000.0,0.0,0.0
8.34,5000.0,5000.0,0.0,5000.0,0.0,0.0
8.35,5000.0,5000.0,0.0,5000.0,0.0,0.0
8.36,5000.0,5000.0,0.0,5000.0,0.0,0.0
8.37,5000.0,5000.0,0.0,5000.0,0.0,0.0
8.38,5000.0,5000.0,0.0,5000.0,0.0,0.0
8.39,5000.0,5000.0,0.0,5000.0,0.0,0.0
8.4,5000.0,5000.0,0.0,5000.0,0.0,0.0
8.41,5000.0,5000.0,0.0,5000.0,0.0,0.0
8.42,5000.0,5000.0,0.0,5000.0,0.0,0.0
8.43,5000.0,5000.0,0.0,5000.0,0.0,0.0
8.44,5000.0,5000.0,0.0,5000.0,0.0,0.0
8.45,5000.0,5000.0,0.0,5000.0,0.0,0.0
8.46,5000.0,5000.0,0.0,5000.0,0.0,0.0
8.47,5000.0,5000.0,0.0,5000.0,0.0,0.0
8.48,5000.0,5000.0,0.0,5000.0,0.0,0.0
8.49,5000.0,5000.0,0.0,5000.0,0.0,0.0
8.5,5000.0,5000.0,0.0,5000.0,0.0,0.0
8.51,5000.0,5000.0,0.0,5000.0,0.0,0.0
8.52,5000.0,5000.0,0.0,5000.0,0.0,0.0
8.53,5000.0,5000.0,0.0,5000.0,0.0,0.0
8.54,5000.0,5000.0,0.0,5000.0,0.0,0.0
8.55,5000.0,5000.0,0.0,5000.0,0.0,0.0
8.56,5000.0,5000.0,0.0,5000.0,0.0,0.0
8.57,5000.0,5000.0,0.0,5000.0,0.0,0.0
8.58,5000.0,5000.0,0.0,5000.0,0.0,0.0
8.59,5000.0,5000.0,0.0,5000.0,0.0,0.0
8.6,5000.0,5000.0,0.0,5000.0,0.0,0.0
8.61,5000.0,5000.0,0.0,5000.0,0.0,0.0
8.62,5000.0,5000.0,0.0,5000.0,0.0,0.0
8.63,5000.0,5000.0,0.0,5000.0,0.0,0.0
8.64,5000.0,5000.0,0.0,5000.0,0.0,0.0
8.65,5000.0,5000.0,0.0,5000.0,0.0,0.0
8.66,5000.0,5000.0,0.0,5000.0,0.0,0.0
8.67,5000.0,5000.0,0.0,5000.0,0.0,0.0
8.68,5000.0,5000.0,0.0,5000.0,0.0,0.0
8.69,5000.0,5000.0,0.0,5000.0,0.0,0.0
8.7,5000.0,5000.0,0.0,5000.0,0.0,0.0
8.71,5000.0,5000.0,0.0,5000.0,0.0,0.0
8.72,5000.0,5000.0,0.0,5000.0,0.0,0.0
8.73,5000.0,5000.0,0.0,5000.0,0.0,0.0
8.74,5000.0,5000.0,0.0,5000.0,0.0,0.0
8.75,5000.0,5000.0,0.0,5000.0,0.0,0.0
8.76,5000.0,5000.0,0.0,5000.0,0.0,0.0
8.77,5000.0,5000.0,0.0,5000.0,0.0,0.0
8.78,5000.0,5000.0,0.0,5000.0,0.0,0.0
8.79,5000.0,5000.0,0.0,5000.0,0.0,0.0
8.8,5000.0,5000.0,0.0,5000.0,0.0,0.0
8.81,5000.0,5000.0,0.0,5000.0,0.0,0.0
8.82,5000.0,5000.0,0.0,5000.0,0.0,0.0
8.83,5000.0,5000.0,0.0,5000.0,0.0,0.0
8.84,5000.0,5000.0,0.0,5000.0,0.0,0.0
8.85,5000.0,5000.0,0.0,5000.0,0.0,0.0
8.86,5000.0,5000.0,0.0,5000.0,0.0,0.0
8.87,5000.0,5000.0,0.0,5000.0,0.0,0.0
8.88,5000.0,5000.0,0.0,5000.0,0.0,0.0
8.89,5000.0,5000.0,0.0,5000.0,0.0,0.0
8.9,5000.0,5000.0,0.0,5000.0,0.0,0.0
8.91,5000.0,5000.0,0.0,5000.0,0.0,0.0
8.92,5000.0,5000.0,0.0,5000.0,0.0,0.0
8.93,5000.0,5000.0,0.0,5000.0,0.0,0.0
8.94,5000.0,5000.0,0.0,5000.0,0.0,0.0
8.95,5000.0,5000.0,0.0,5000.0,0.0,0.0
8.96,5000.0,5000.0,0.0,5000.0,0.0,0.0
8.97,5000.0,5000.0,0.0,5000.0,0.0,0.0
8.98,5000.0,5000.0,0.0,5000.0,0.0,0.0
8.99,5000.0,5000.0,0.0,5000.0,0.0,0.0
9.0,5000.0,5000.0,0.0,5000.0,0.0,0.0
9.01,5000.0,5000.0,0.0,5000.0,0.0,0.0
9.02,5000.0,5000.0,0.0,5000.0,0.0,0.0
9.03,5000.0,5000.0,0.0,5000.0,0.0,0.0
9.04,5000.0,5000.0,0.0,5000.0,0.0,0.0
9.05,5000.0,5000.0,0.0,5000.0,0.0,0.0
9.06,5000.0,5000.0,0.0,5000.0,0.0,0.0
9.07,5000.0,5000.0,0.0,5000.0,0.0,0.0
9.08,5000.0,5000.0,0.0,5000.0,0.0,0.0
9.09,5000.0,5000.0,0.0,5000.0,0.0,0.0
9.1,5000.0,5000.0,0.0,5000.0,0.0,0.0
9.11,5000.0,5000.0,0.0,5000.0,0.0,0.0
9.12,5000.0,5000.0,0.0,5000.0,0.0,0.0
9.13,5000.0,5000.0,0.0,5000.0,0.0,0.0
9.14,5000.0,5000.0,0.0,5000.0,0.0,0.0
9.15,5000.0,5000.0,0.0,5000.0,0.0,0.0
9.16,5000.0,5000.0,0.0,5000.0,0.0,0.0
9.17,5000.0,5000.0,0.0,5000.0,0.0,0.0
9.18,5000.0,5000.0,0.0,5000.0,0.0,0.0
9.19,5000.0,5000.0,0.0,5000.0,0.0,0.0
9.2,5000.0,5000.0,0.0,5000.0,0.0,0.0
9.21,5000.0,5000.0,0.0,5000.0,0.0,0.0
9.22,5000.0,5000.0,0.0,5000.0,0.0,0.0
9.23,5000.0,5000.0,0.0,5000.0,0.0,0.0
9.24,5000.0,5000.0,0.0,5000.0,0.0,0.0
9.25,5000.0,5000.0,0.0,5000.0,0.0,0.0
9.26,5000.0,5000.0,0.0,5000.0,0.0,0.0
9.27,5000.0,5000.0,0.0,5000.0,0.0,0.0
9.28,5000.0,5000.0,0.0,5000.0,0.0,0.0
9.29,5000.0,5000.0,0.0,5000.0,0.0,0.0
9.3,5000.0,5000.0,0.0,5000.0,0.0,0.0
9.31,5000.0,5000.0,0.0,5000.0,0.0,0.0
9.32,5000.0,5000.0,0.0,5000.0,0.0,0.0
9.33,5000.0,5000.0,0.0,5000.0,0.0,0.0
9.34,5000.0,5000.0,0.0,5000.0,0.0,0.0
9.35,5000.0,5000.0,0.0,5000.0,0.0,0.0
9.36,5000.0,5000.0,0.0,5000.0,0.0,0.0
9.37,5000.0,5000.0,0.0,5000.0,0.0,0.0
9.38,5000.0,5000.0,0.0,5000.0,0.0,0.0
9.39,5000.0,5000.0,0.0,5000.0,0.0,0.0
9.4,5000.0,5000.0,0.0,5000.0,0.0,0.0
9.41,5000.0,5000.0,0.0,5000.0,0.0,0.0
9.42,5000.0,5000.0,0.0,5000.0,0.0,0.0
9.43,5000.0,5000.0,0.0,5000.0,0.0,0.0
9.44,5000.0,5000.0,0.0,5000.0,0.0,0.0
9.45,5000.0,5000.0,0.0,5000.0,0.0,0.0
9.46,5000.0,5000.0,0.0,5000.0,0.0,0.0
9.47,5000.0,5000.0,0.0,5000.0,0.0,0.0
9.48,5000.0,5000.0,0.0,5000.0,0.0,0.0
9.49,5000.0,5000.0,0.0,5000.0,0.0,0.0
9.5,5000.0,5000.0,0.0,5000.0,0.0,0.0
9.51,5000.0,5000.0,0.0,5000.0,0.0,0.0
9.52,5000.0,5000.0,0.0,5000.0,0.0,0.0
9.53,5000.0,5000.0,0.0,5000.0,0.0,0.0
9.54,5000.0,5000.0,0.0,5000.0,0.0,0.0
9.55,5000.0,5000.0,0.0,5000.0,0.0,0.0
9.56,5000.0,5000.0,0.0,5000.0,0.0,0.0
9.57,5000.0,5000.0,0.0,5000.0,0.0,0.0
9.58,5000.0,5000.0,0.0,5000.0,0.0,0.0
9.59,5000.0,5000.0,0.0,5000.0,0.0,0.0
9.6,5000.0,5000.0,0.0,5000.0,0.0,0.0
9.61,5000.0,5000.0,0.0,5000.0,0.0,0.0
9.62,5000.0,5000.0,0.0,5000.0,0.0,0.0
9.63,5000.0,5000.0,0.0,5000.0,0.0,0.0
9.64,5000.0,5000.0,0.0,5000.0,0.0,0.0
9.65,5000.0,5000.0,0.0,5000.0,0.0,0.0
9.66,5000.0,5000.0,0.0,5000.0,0.0,0.0
9.67,5000.0,5000.0,0.0,5000.0,0.0,0.0
9.68,5000.0,5000.0,0.0,5000.0,0.0,0.0
9.69,5000.0,5000.0,0.0,5000.0,0.0,0.0
9.7,5000.0,5000.0,0.0,5000.0,0.0,0.0
9.71,5000.0,5000.0,0.0,5000.0,0.0,0.0
9.72,5000.0,5000.0,0.0,5000.0,0.0,0.0
9.73,5000.0,5000.0,0.0,5000.0,0.0,0.0
9.74,5000.0,5000.0,0.0,5000.0,0.0,0.0
9.75,5000.0,5000.0,0.0,5000.0,0.0,0.0
9.76,5000.0,5000.0,0.0,5000.0,0.0,0.0
9.77,5000.0,5000.0,0.0,5000.0,0.0,0.0
9.78,5000.0,5000.0,0.0,5000.0,0.0,0.0
9.79,5000.0,5000.0,0.0,5000.0,0.0,0.0
9.8,5000.0,5000.0,0.0,5000.0,0.0,0.0
9.81,5000.0,5000.0,0.0,5000.0,0.0,0.0
9.82,5000.0,5000.0,0.0,5000.0,0.0,0.0
9.83,5000.0,5000.0,0.0,5000.0,0.0,0.0
9.84,5000.0,5000.0,0.0,5000.0,0.0,0.0
9.85,5000.0,5000.0,0.0,5000.0,0.0,0.0
9.86,5000.0,5000.0,0.0,5000.0,0.0,0.0
9.87,5000.0,5000.0,0.0,5000.0,0.0,0.0
9.88,5000.0,5000.0,0.0,5000.0,0.0,0.0
9.89,5000.0,5000.0,0.0,5000.0,0.0,0.0
9.9,5000.0,5000.0,0.0,5000.0,0.0,0.0
9.91,5000.0,5000.0,0.0,5000.0,0.0,0.0
9.92,5000.0,5000.0,0.0,5000.0,0.0,0.0
9.93,5000.0,5000.0,0.0,5000.0,0.0,0.0
9.94,5000.0,5000.0,0.0,5000.0,0.0,0.0
9.95,5000.0,5000.0,0.0,5000.0,0.0,0.0
9.96,5000.0,5000.0,0.0,5000.0,0.0,0.0
9.97,5000.0,5000.0,0.0,5000.0,0.0,0.0
9.98,5000.0,5000.0,0.0,5000.0,0.0,0.0
9.99,5000.0,5000.0,0.0,5000.0,0.0,0.0
10.0,5000.0,5000.0,0.0,5000.0,0.0,0.0
10.01,5000.0,5000.0,0.0,5000.0,0.0,0.0
10.02,5000.0,5000.0,0.0,5000.0,0.0,0.0
10.03,5000.0,5000.0,0.0,5000.0,0.0,0.0
10.04,5000.0,5000.0,0.0,5000.0,0.0,0.0
10.05,5000.0,5000.0,0.0,5000.0,0.0,0.0
10.06,5000.0,5000.0,0.0,5000.0,0.0,0.0
10.07,5000.0,5000.0,0.0,5000.0,0.0,0.0
10.08,5000.0,5000.0,0.0,5000.0,0.0,0.0
10.09,5000.0,5000.0,0.0,5000.0,0.0,0.0
10.1,5000.0,5000.0,0.0,5000.0,0.0,0.0
10.11,5000.0,5000.0,0.0,5000.0,0.0,0.0
10.12,5000.0,5000.0,0.0,5000.0,0.0,0.0
10.13,5000.0,5000.0,0.0,5000.0,0.0,0.0
10.14,5000.0,5000.0,0.0,5000.0,0.0,0.0
10.15,5000.0,5000.0,0.0,5000.0,0.0,0.0
10.16,5000.0,5000.0,0.0,5000.0,0.0,0.0
10.17,5000.0,5000.0,0.0,5000.0,0.0,0.0
10.18,5000.0,5000.0,0.0,5000.0,0.0,0.0
10.19,5000.0,5000.0,0.0,5000.0,0.0,0.0
10.2,5000.0,5000.0,0.0,5000.0,0.0,0.0
10.21,5000.0,5000.0,0.0,5000.0,0.0,0.0
10.22,5000.0,5000.0,0.0,5000.0,0.0,0.0
10.23,5000.0,5000.0,0.0,5000.0,0.0,0.0
10.24,5000.0,5000.0,0.0,5000.0,0.0,0.0
10.25,5000.0,5000.0,0.0,5000.0,0.0,0.0
10.26,5000.0,5000.0,0.0,5000.0,0.0,0.0
10.27,5000.0,5000.0,0.0,5000.0,0.0,0.0
10.28,5000.0,5000.0,0.0,5000.0,0.0,0.0
10.29,5000.0,5000.0,0.0,5000.0,0.0,0.0
10.3,5000.0,5000.0,0.0,5000.0,0.0,0.0
10.31,5000.0,5000.0,0.0,5000.0,0.0,0.0
10.32,5000.0,5000.0,0.0,5000.0,0.0,0.0
10.33,5000.0,5000.0,0.0,5000.0,0.0,0.0
10.34,5000.0,5000.0,0.0,5000.0,0.0,0.0
10.35,5000.0,5000.0,0.0,5000.0,0.0,0.0
10.36,5000.0,5000.0,0.0,5000.0,0.0,0.0
10.37,5000.0,5000.0,0.0,5000.0,0.0,0.0
10.38,5000.0,5000.0,0.0,5000.0,0.0,0.0
10.39,5000.0,5000.0,0.0,5000.0,0.0,0.0
10.4,5000.0,5000.0,0.0,5000.0,0.0,0.0
10.41,5000.0,5000.0,0.0,5000.0,0.0,0.0
10.42,5000.0,5000.0,0.0,5000.0,0.0,0.0
10.43,5000.0,5000.0,0.0,5000.0,0.0,0.0
10.44,5000.0,5000.0,0.0,5000.0,0.0,0.0
10.45,5000.0,5000.0,0.0,5000.0,0.0,0.0
10.46,5000.0,5000.0,0.0,5000.0,0.0,0.0
10.47,5000.0,5000.0,0.0,5000.0,0.0,0.0
10.48,5000.0,5000.0,0.0,5000.0,0.0,0.0
10.49,5000.0,5000.0,0.0,5000.0,0.0,0.0
10.5,5000.0,5000.0,0.0,5000.0,0.0,0.0
10.51,5000.0,5000.0,0.0,5000.0,0.0,0.0
10.52,5000.0,5000.0,0.0,5000.0,0.0,0.0
10.53,5000.0,5000.0,0.0,5000.0,0.0,0.0
10.54,5000.0,5000.0,0.0,5000.0,0.0,0.0
10.55,5000.0,5000.0,0.0,5000.0,0.0,0.0
10.56,5000.0,5000.0,0.0,5000.0,0.0,0.0
10.57,5000.0,5000.0,0.0,5000.0,0.0,0.0
10.58,5000.0,5000.0,0.0,5000.0,0.0,0.0
10.59,5000.0,5000.0,0.0,5000.0,0.0,0.0
10.6,5000.0,5000.0,0.0,5000.0,0.0,0.0
10.61,5000.0,5000.0,0.0,5000.0,0.0,0.0
10.62,5000.0,5000.0,0.0,5000.0,0.0,0.0
10.63,5000.0,5000.0,0.0,5000.0,0.0,0.0
10.64,5000.0,5000.0,0.0,5000.0,0.0,0.0
10.65,5000.0,5000.0,0.0,5000.0,0.0,0.0
10.66,5000.0,5000.0,0.0,5000.0,0.0,0.0
10.67,5000.0,5000.0,0.0,5000.0,0.0,0.0
10.68,5000.0,5000.0,0.0,5000.0,0.0,0.0
10.69,5000.0,5000.0,0.0,5000.0,0.0,0.0
10.7,5000.0,5000.0,0.0,5000.0,0.0,0.0
10.71,5000.0,5000.0,0.0,5000.0,0.0,0.0
10.72,5000.0,5000.0,0.0,5000.0,0.0,0.0
10.73,5000.0,5000.0,0.0,5000.0,0.0,0.0
10.74,5000.0,5000.0,0.0,5000.0,0.0,0.0
10.75,5000.0,5000.0,0.0,5000.0,0.0,0.0
10.76,5000.0,5000.0,0.0,5000.0,0.0,0.0
10.77,5000.0,5000.0,0.0,5000.0,0.0,0.0
10.78,5000.0,5000.0,0.0,5000.0,0.0,0.0
10.79,5000.0,5000.0,0.0,5000.0,0.0,0.0
10.8,5000.0,5000.0,0.0,5000.0,0.0,0.0
10.81,5000.0,5000.0,0.0,5000.0,0.0,0.0
10.82,5000.0,5000.0,0.0,5000.0,0.0,0.0
10.83,5000.0,5000.0,0.0,5000.0,0.0,0.0
10.84,5000.0,5000.0,0.0,5000.0,0.0,0.0
10.85,5000.0,5000.0,0.0,5000.0,0.0,0.0
10.86,5000.0,5000.0,0.0,5000.0,0.0,0.0
10.87,5000.0,5000.0,0.0,5000.0,0.0,0.0
10.88,5000.0,5000.0,0.0,5000.0,0.0,0.0
10.89,5000.0,5000.0,0.0,5000.0,0.0,0.0
10.9,5000.0,5000.0,0.0,5000.0,0.0,0.0
10.91,5000.0,5000.0,0.0,5000.0,0.0,0.0
10.92,5000.0,5000.0,0.0,5000.0,0.0,0.0
10.93,5000.0,5000.0,0.0,5000.0,0.0,0.0
10.94,5000.0,5000.0,0.0,5000.0,0.0,0.0
10.95,5000.0,5000.0,0.0,5000.0,0.0,0.0
10.96,5000.0,5000.0,0.0,5000.0,0.0,0.0
10.97,5000.0,5000.0,0.0,5000.0,0.0,0.0
10.98,5000.0,5000.0,0.0,5000.0,0.0,0.0
10.99,5000.0,5000.0,0.0,5000.0,0.0,0.0
11.0,5000.0,5000.0,0.0,5000.0,0.0,0.0
11.01,5000.0,5000.0,0.0,5000.0,0.0,0.0
11.02,5000.0,5000.0,0.0,5000.0,0.0,0.0
11.03,5000.0,5000.0,0.0,5000.0,0.0,0.0
11.04,5000.0,5000.0,0.0,5000.0,0.0,0.0
11.05,5000.0,5000.0,0.0,5000.0,0.0,0.0
11.06,5000.0,5000.0,0.0,5000.0,0.0,0.0
11.07,5000.0,5000.0,0.0,5000.0,0.0,0.0
11.08,5000.0,5000.0,0.0,5000.0,0.0,0.0
11.09,5000.0,5000.0,0.0,5000.0,0.0,0.0
11.1,5000.0,5000.0,0.0,5000.0,0.0,0.0
11.11,5000.0,5000.0,0.0,5000.0,0.0,0.0
11.12,5000.0,5000.0,0.0,5000.0,0.0,0.0
11.13,5000.0,5000.0,0.0,5000.0,0.0,0.0
11.14,5000.0,5000.0,0.0,5000.0,0.0,0.0
11.15,5000.0,5000.0,0.0,5000.0,0.0,0.0
11.16,5000.0,5000.0,0.0,5000.0,0.0,0.0
11.17,5000.0,5000.0,0.0,5000.0,0.0,0.0
11.18,5000.0,5000.0,0.0,5000.0,0.0,0.0
11.19,5000.0,5000.0,0.0,5000.0,0.0,0.0
11.2,5000.0,5000.0,0.0,5000.0,0.0,0.0
11.21,5000.0,5000.0,0.0,5000.0,0.0,0.0
11.22,5000.0,5000.0,0.0,5000.0,0.0,0.0
11.23,5000.0,5000.0,0.0,5000.0,0.0,0.0
11.24,5000.0,5000.0,0.0,5000.0,0.0,0.0
11.25,5000.0,5000.0,0.0,5000.0,0.0,0.0
11.26,5000.0,5000.0,0.0,5000.0,0.0,0.0
11.27,5000.0,5000.0,0.0,5000.0,0.0,0.0
11.28,5000.0,5000.0,0.0,5000.0,0.0,0.0
11.29,5000.0,5000.0,0.0,5000.0,0.0,0.0
11.3,5000.0,5000.0,0.0,5000.0,0.0,0.0
11.31,5000.0,5000.0,0.0,5000.0,0.0,0.0
11.32,5000.0,5000.0,0.0,5000.0,0.0,0.0
11.33,5000.0,5000.0,0.0,5000.0,0.0,0.0
11.34,5000.0,5000.0,0.0,5000.0,0.0,0.0
11.35,5000.0,5000.0,0.0,5000.0,0.0,0.0
11.36,5000.0,5000.0,0.0,5000.0,0.0,0.0
11.37,5000.0,5000.0,0.0,5000.0,0.0,0.0
11.38,5000.0,5000.0,0.0,5000.0,0.0,0.0
11.39,5000.0,5000.0,0.0,5000.0,0.0,0.0
11.4,5000.0,5000.0,0.0,5000.0,0.0,0.0
11.41,5000.0,5000.0,0.0,5000.0,0.0,0.0
11.42,5000.0,5000.0,0.0,5000.0,0.0,0.0
11.43,5000.0,5000.0,0.0,5000.0,0.0,0.0
11.44,5000.0,5000.0,0.0,5000.0,0.0,0.0
11.45,5000.0,5000.0,0.0,5000.0,0.0,0.0
11.46,5000.0,5000.0,0.0,5000.0,0.0,0.0
11.47,5000.0,5000.0,0.0,5000.0,0.0,0.0
11.48,5000.0,5000.0,0.0,5000.0,0.0,0.0
11.49,5000.0,5000.0,0.0,5000.0,0.0,0.0
11.5,5000.0,5000.0,0.0,5000.0,0.0,0.0
11.51,5000.0,5000.0,0.0,5000.0,0.0,0.0
11.52,5000.0,5000.0,0.0,5000.0,0.0,0.0
11.53,5000.0,5000.0,0.0,5000.0,0.0,0.0
11.54,5000.0,5000.0,0.0,5000.0,0.0,0.0
11.55,5000.0,5000.0,0.0,5000.0,0.0,0.0
11.56,5000.0,5000.0,0.0,5000.0,0.0,0.0
11.57,5000.0,5000.0,0.0,5000.0,0.0,0.0
11.58,5000.0,5000.0,0.0,5000.0,0.0,0.0
11.59,5000.0,5000.0,0.0,5000.0,0.0,0.0
11.6,5000.0,5000.0,0.0,5000.0,0.0,0.0
11.61,5000.0,5000.0,0.0,5000.0,0.0,0.0
11.62,5000.0,5000.0,0.0,5000.0,0.0,0.0
11.63,5000.0,5000.0,0.0,5000.0,0.0,0.0
11.64,5000.0,5000.0,0.0,5000.0,0.0,0.0
11.65,5000.0,5000.0,0.0,5000.0,0.0,0.0
11.66,5000.0,5000.0,0.0,5000.0,0.0,0.0
11.67,5000.0,5000.0,0.0,5000.0,0.0,0.0
11.68,5000.0,5000.0,0.0,5000.0,0.0,0.0
11.69,5000.0,5000.0,0.0,5000.0,0.0,0.0
11.7,5000.0,5000.0,0.0,5000.0,0.0,0.0
11.71,5000.0,5000.0,0.0,5000.0,0.0,0.0
11.72,5000.0,5000.0,0.0,5000.0,0.0,0.0
11.73,5000.0,5000.0,0.0,5000.0,0.0,0.0
11.74,5000.0,5000.0,0.0,5000.0,0.0,0.0
11.75,5000.0,5000.0,0.0,5000.0,0.0,0.0
11.76,5000.0,5000.0,0.0,5000.0,0.0,0.0
11.77,5000.0,5000.0,0.0,5000.0,0.0,0.0
11.78,5000.0,5000.0,0.0,5000.0,0.0,0.0
11.79,5000.0,5000.0,0.0,5000.0,0.0,0.0
11.8,5000.0,5000.0,0.0,5000.0,0.0,0.0
11.81,5000.0,5000.0,0.0,5000.0,0.0,0.0
11.82,5000.0,5000.0,0.0,5000.0,0.0,0.0
11.83,5000.0,5000.0,0.0,5000.0,0.0,0.0
11.84,5000.0,5000.0,0.0,5000.0,0.0,0.0
11.85,5000.0,5000.0,0.0,5000.0,0.0,0.0
11.86,5000.0,5000.0,0.0,5000.0,0.0,0.0
11.87,5000.0,5000.0,0.0,5000.0,0.0,0.0
11.88,5000.0,5000.0,0.0,5000.0,0.0,0.0
11.89,5000.0,5000.0,0.0,5000.0,0.0,0.0
11.9,5000.0,5000.0,0.0,5000.0,0.0,0.0
11.91,5000.0,5000.0,0.0,5000.0,0.0,0.0
11.92,5000.0,5000.0,0.0,5000.0,0.0,0.0
11.93,5000.0,5000.0,0.0,5000.0,0.0,0.0
11.94,5000.0,5000.0,0.0,5000.0,0.0,0.0
11.95,5000.0,5000.0,0.0,5000.0,0.0,0.0
11.96,5000.0,5000.0,0.0,5000.0,0.0,0.0
11.97,5000.0,5000.0,0.0,5000.0,0.0,0.0
11.98,5000.0,5000.0,0.0,5000.0,0.0,0.0
11.99,5000.0,5000.0,0.0,5000.0,0.0,0.0
12.0,5000.0,5000.0,0.0,5000.0,0.0,0.0
12.01,5000.0,5000.0,0.0,5000.0,0.0,0.0
12.02,5000.0,5000.0,0.0,5000.0,0.0,0.0
12.03,5000.0,5000.0,0.0,5000.0,0.0,0.0
12.04,5000.0,5000.0,0.0,5000.0,0.0,0.0
12.05,5000.0,5000.0,0.0,5000.0,0.0,0.0
12.06,5000.0,5000.0,0.0,5000.0,0.0,0.0
12.07,5000.0,5000.0,0.0,5000.0,0.0,0.0
12.08,5000.0,5000.0,0.0,5000.0,0.0,0.0
12.09,5000.0,5000.0,0.0,5000.0,0.0,0.0
12.1,5000.0,5000.0,0.0,5000.0,0.0,0.0
12.11,5000.0,5000.0,0.0,5000.0,0.0,0.0
12.12,5000.0,5000.0,0.0,5000.0,0.0,0.0
12.13,5000.0,5000.0,0.0,5000.0,0.0,0.0
12.14,5000.0,5000.0,0.0,5000.0,0.0,0.0
12.15,5000.0,5000.0,0.0,5000.0,0.0,0.0
12.16,5000.0,5000.0,0.0,5000.0,0.0,0.0
12.17,5000.0,5000.0,0.0,5000.0,0.0,0.0
12.18,5000.0,5000.0,0.0,5000.0,0.0,0.0
12.19,5000.0,5000.0,0.0,5000.0,0.0,0.0
12.2,5000.0,5000.0,0.0,5000.0,0.0,0.0
12.21,5000.0,5000.0,0.0,5000.0,0.0,0.0
12.22,5000.0,5000.0,0.0,5000.0,0.0,0.0
12.23,5000.0,5000.0,0.0,5000.0,0.0,0.0
12.24,5000.0,5000.0,0.0,5000.0,0.0,0.0
12.25,5000.0,5000.0,0.0,5000.0,0.0,0.0
12.26,5000.0,5000.0,0.0,5000.0,0.0,0.0
12.27,5000.0,5000.0,0.0,5000.0,0.0,0.0
12.28,5000.0,5000.0,0.0,5000.0,0.0,0.0
12.29,5000.0,5000.0,0.0,5000.0,0.0,0.0
12.3,5000.0,5000.0,0.0,5000.0,0.0,0.0
12.31,5000.0,5000.0,0.0,5000.0,0.0,0.0
12.32,5000.0,5000.0,0.0,5000.0,0.0,0.0
12.33,5000.0,5000.0,0.0,5000.0,0.0,0.0
12.34,5000.0,5000.0,0.0,5000.0,0.0,0.0
12.35,5000.0,5000.0,0.0,5000.0,0.0,0.0
12.36,5000.0,5000.0,0.0,5000.0,0.0,0.0
12.37,5000.0,5000.0,0.0,5000.0,0.0,0.0
12.38,5000.0,5000.0,0.0,5000.0,0.0,0.0
12.39,5000.0,5000.0,0.0,5000.0,0.0,0.0
12.4,5000.0,5000.0,0.0,5000.0,0.0,0.0
12.41,5000.0,5000.0,0.0,5000.0,0.0,0.0
12.42,5000.0,5000.0,0.0,5000.0,0.0,0.0
12.43,5000.0,5000.0,0.0,5000.0,0.0,0.0
12.44,5000.0,5000.0,0.0,5000.0,0.0,0.0
12.45,5000.0,5000.0,0.0,5000.0,0.0,0.0
12.46,5000.0,5000.0,0.0,5000.0,0.0,0.0
12.47,5000.0,5000.0,0.0,5000.0,0.0,0.0
12.48,5000.0,5000.0,0.0,5000.0,0.0,0.0
12.49,5000.0,5000.0,0.0,5000.0,0.0,0.0
12.5,5000.0,5000.0,0.0,5000.0,0.0,0.0
12.51,5000.0,5000.0,0.0,5000.0,0.0,0.0
12.52,5000.0,5000.0,0.0,5000.0,0.0,0.0
12.53,5000.0,5000.0,0.0,5000.0,0.0,0.0
12.54,5000.0,5000.0,0.0,5000.0,0.0,0.0
12.55,5000.0,5000.0,0.0,5000.0,0.0,0.0
12.56,5000.0,5000.0,0.0,5000.0,0.0,0.0
12.57,5000.0,5000.0,0.0,5000.0,0.0,0.0
12.58,5000.0,5000.0,0.0,5000.0,0.0,0.0
12.59,5000.0,5000.0,0.0,5000.0,0.0,0.0
12.6,5000.0,5000.0,0.0,5000.0,0.0,0.0
12.61,5000.0,5000.0,0.0,5000.0,0.0,0.0
12.62,5000.0,5000.0,0.0,5000.0,0.0,0.0
12.63,5000.0,5000.0,0.0,5000.0,0.0,0.0
12.64,5000.0,5000.0,0.0,5000.0,0.0,0.0
12.65,5000.0,5000.0,0.0,5000.0,0.0,0.0
12.66,5000.0,5000.0,0.0,5000.0,0.0,0.0
12.67,5000.0,5000.0,0.0,5000.0,0.0,0.0
12.68,5000.0,5000.0,0.0,5000.0,0.0,0.0
12.69,5000.0,5000.0,0.0,5000.0,0.0,0.0
12.7,5000.0,5000.0,0.0,5000.0,0.0,0.0
12.71,5000.0,5000.0,0.0,5000.0,0.0,0.0
12.72,5000.0,5000.0,0.0,5000.0,0.0,0.0
12.73,5000.0,5000.0,0.0,5000.0,0.0,0.0
12.74,5000.0,5000.0,0.0,5000.0,0.0,0.0
12.75,5000.0,5000.0,0.0,5000.0,0.0,0.0
12.76,5000.0,5000.0,0.0,5000.0,0.0,0.0
12.77,5000.0,5000.0,0.0,5000.0,0.0,0.0
12.78,5000.0,5000.0,0.0,5000.0,0.0,0.0
12.79,5000.0,5000.0,0.0,5000.0,0.0,0.0
12.8,5000.0,5000.0,0.0,5000.0,0.0,0.0
12.81,5000.0,5000.0,0.0,5000.0,0.0,0.0
12.82,5000.0,5000.0,0.0,5000.0,0.0,0.0
12.83,5000.0,5000.0,0.0,5000.0,0.0,0.0
12.84,5000.0,5000.0,0.0,5000.0,0.0,0.0
12.85,5000.0,5000.0,0.0,5000.0,0.0,0.0
12.86,5000.0,5000.0,0.0,5000.0,0.0,0.0
12.87,5000.0,5000.0,0.0,5000.0,0.0,0.0
12.88,5000.0,5000.0,0.0,5000.0,0.0,0.0
12.89,5000.0,5000.0,0.0,5000.0,0.0,0.0
12.9,5000.0,5000.0,0.0,5000.0,0.0,0.0
12.91,5000.0,5000.0,0.0,5000.0,0.0,0.0
12.92,5000.0,5000.0,0.0,5000.0,0.0,0.0
12.93,5000.0,5000.0,0.0,5000.0,0.0,0.0
12.94,5000.0,5000.0,0.0,5000.0,0.0,0.0
12.95,5000.0,5000.0,0.0,5000.0,0.0,0.0
12.96,5000.0,5000.0,0.0,5000.0,0.0,0.0
12.97,5000.0,5000.0,0.0,5000.0,0.0,0.0
12.98,5000.0,5000.0,0.0,5000.0,0.0,0.0
12.99,5000.0,5000.0,0.0,5000.0,0.0,0.0
13.0,5000.0,5000.0,0.0,5000.0,0.0,0.0
13.01,5000.0,5000.0,0.0,5000.0,0.0,0.0
13.02,5000.0,5000.0,0.0,5000.0,0.0,0.0
13.03,5000.0,5000.0,0.0,5000.0,0.0,0.0
13.04,5000.0,5000.0,0.0,5000.0,0.0,0.0
13.05,5000.0,5000.0,0.0,5000.0,0.0,0.0
13.06,5000.0,5000.0,0.0,5000.0,0.0,0.0
13.07,5000.0,5000.0,0.0,5000.0,0.0,0.0
13.08,5000.0,5000.0,0.0,5000.0,0.0,0.0
13.09,5000.0,5000.0,0.0,5000.0,0.0,0.0
13.1,5000.0,5000.0,0.0,5000.0,0.0,0.0
13.11,5000.0,5000.0,0.0,5000.0,0.0,0.0
13.12,5000.0,5000.0,0.0,5000.0,0.0,0.0
13.13,5000.0,5000.0,0.0,5000.0,0.0,0.0
13.14,5000.0,5000.0,0.0,5000.0,0.0,0.0
13.15,5000.0,5000.0,0.0,5000.0,0.0,0.0
13.16,5000.0,5000.0,0.0,5000.0,0.0,0.0
13.17,5000.0,5000.0,0.0,5000.0,0.0,0.0
13.18,5000.0,5000.0,0.0,5000.0,0.0,0.0
13.19,5000.0,5000.0,0.0,5000.0,0.0,0.0
13.2,5000.0,5000.0,0.0,5000.0,0.0,0.0
13.21,5000.0,5000.0,0.0,5000.0,0.0,0.0
13.22,5000.0,5000.0,0.0,5000.0,0.0,0.0
13.23,5000.0,5000.0,0.0,5000.0,0.0,0.0
13.24,5000.0,5000.0,0.0,5000.0,0.0,0.0
13.25,5000.0,5000.0,0.0,5000.0,0.0,0.0
13.26,5000.0,5000.0,0.0,5000.0,0.0,0.0
13.27,5000.0,5000.0,0.0,5000.0,0.0,0.0
13.28,5000.0,5000.0,0.0,5000.0,0.0,0.0
13.29,5000.0,5000.0,0.0,5000.0,0.0,0.0
13.3,5000.0,5000.0,0.0,5000.0,0.0,0.0
13.31,5000.0,5000.0,0.0,5000.0,0.0,0.0
13.32,5000.0,5000.0,0.0,5000.0,0.0,0.0
13.33,5000.0,5000.0,0.0,5000.0,0.0,0.0
13.34,5000.0,5000.0,0.0,5000.0,0.0,0.0
13.35,5000.0,5000.0,0.0,5000.0,0.0,0.0
13.36,5000.0,5000.0,0.0,5000.0,0.0,0.0
13.37,5000.0,5000.0,0.0,5000.0,0.0,0.0
13.38,5000.0,5000.0,0.0,5000.0,0.0,0.0
13.39,5000.0,5000.0,0.0,5000.0,0.0,0.0
13.4,5000.0,5000.0,0.0,5000.0,0.0,0.0
13.41,5000.0,5000.0,0.0,5000.0,0.0,0.0
13.42,5000.0,5000.0,0.0,5000.0,0.0,0.0
13.43,5000.0,5000.0,0.0,5000.0,0.0,0.0
13.44,5000.0,5000.0,0.0,5000.0,0.0,0.0
13.45,5000.0,5000.0,0.0,5000.0,0.0,0.0
13.46,5000.0,5000.0,0.0,5000.0,0.0,0.0
13.47,5000.0,5000.0,0.0,5000.0,0.0,0.0
13.48,5000.0,5000.0,0.0,5000.0,0.0,0.0
13.49,5000.0,5000.0,0.0,5000.0,0.0,0.0
13.5,5000.0,5000.0,0.0,5000.0,0.0,0.0
13.51,5000.0,5000.0,0.0,5000.0,0.0,0.0
13.52,5000.0,5000.0,0.0,5000.0,0.0,0.0
13.53,5000.0,5000.0,0.0,5000.0,0.0,0.0
13.54,5000.0,5000.0,0.0,5000.0,0.0,0.0
13.55,5000.0,5000.0,0.0,5000.0,0.0,0.0
13.56,5000.0,5000.0,0.0,5000.0,0.0,0.0
13.57,5000.0,5000.0,0.0,5000.0,0.0,0.0
13.58,5000.0,5000.0,0.0,5000.0,0.0,0.0
13.59,5000.0,5000.0,0.0,5000.0,0.0,0.0
13.6,5000.0,5000.0,0.0,5000.0,0.0,0.0
13.61,5000.0,5000.0,0.0,5000.0,0.0,0.0
13.62,5000.0,5000.0,0.0,5000.0,0.0,0.0
13.63,5000.0,5000.0,0.0,5000.0,0.0,0.0
13.64,5000.0,5000.0,0.0,5000.0,0.0,0.0
13.65,5000.0,5000.0,0.0,5000.0,0.0,0.0
13.66,5000.0,5000.0,0.0,5000.0,0.0,0.0
13.67,5000.0,5000.0,0.0,5000.0,0.0,0.0
13.68,5000.0,5000.0,0.0,5000.0,0.0,0.0
13.69,5000.0,5000.0,0.0,5000.0,0.0,0.0
13.7,5000.0,5000.0,0.0,5000.0,0.0,0.0
13.71,5000.0,5000.0,0.0,5000.0,0.0,0.0
13.72,5000.0,5000.0,0.0,5000.0,0.0,0.0
13.73,5000.0,5000.0,0.0,5000.0,0.0,0.0
13.74,5000.0,5000.0,0.0,5000.0,0.0,0.0
13.75,5000.0,5000.0,0.0,5000.0,0.0,0.0
13.76,5000.0,5000.0,0.0,5000.0,0.0,0.0
13.77,5000.0,5000.0,0.0,5000.0,0.0,0.0
13.78,5000.0,5000.0,0.0,5000.0,0.0,0.0
13.79,5000.0,5000.0,0.0,5000.0,0.0,0.0
13.8,5000.0,5000.0,0.0,5000.0,0.0,0.0
13.81,5000.0,5000.0,0.0,5000.0,0.0,0.0
13.82,5000.0,5000.0,0.0,5000.0,0.0,0.0
13.83,5000.0,5000.0,0.0,5000.0,0.0,0.0
13.84,5000.0,5000.0,0.0,5000.0,0.0,0.0
13.85,5000.0,5000.0,0.0,5000.0,0.0,0.0
13.86,5000.0,5000.0,0.0,5000.0,0.0,0.0
13.87,5000.0,5000.0,0.0,5000.0,0.0,0.0
13.88,5000.0,5000.0,0.0,5000.0,0.0,0.0
13.89,5000.0,5000.0,0.0,5000.0,0.0,0.0
13.9,5000.0,5000.0,0.0,5000.0,0.0,0.0
13.91,5000.0,5000.0,0.0,5000.0,0.0,0.0
13.92,5000.0,5000.0,0.0,5000.0,0.0,0.0
13.93,5000.0,5000.0,0.0,5000.0,0.0,0.0
13.94,5000.0,5000.0,0.0,5000.0,0.0,0.0
13.95,5000.0,5000.0,0.0,5000.0,0.0,0.0
13.96,5000.0,5000.0,0.0,5000.0,0.0,0.0
13.97,5000.0,5000.0,0.0,5000.0,0.0,0.0
13.98,5000.0,5000.0,0.0,5000.0,0.0,0.0
13.99,5000.0,5000.0,0.0,5000.0,0.0,0.0
14.0,5000.0,5000.0,0.0,5000.0,0.0,0.0
14.01,5000.0,5000.0,0.0,5000.0,0.0,0.0
14.02,5000.0,5000.0,0.0,5000.0,0.0,0.0
14.03,5000.0,5000.0,0.0,5000.0,0.0,0.0
14.04,5000.0,5000.0,0.0,5000.0,0.0,0.0
14.05,5000.0,5000.0,0.0,5000.0,0.0,0.0
14.06,5000.0,5000.0,0.0,5000.0,0.0,0.0
14.07,5000.0,5000.0,0.0,5000.0,0.0,0.0
14.08,5000.0,5000.0,0.0,5000.0,0.0,0.0
14.09,5000.0,5000.0,0.0,5000.0,0.0,0.0
14.1,5000.0,5000.0,0.0,5000.0,0.0,0.0
14.11,5000.0,5000.0,0.0,5000.0,0.0,0.0
14.12,5000.0,5000.0,0.0,5000.0,0.0,0.0
14.13,5000.0,5000.0,0.0,5000.0,0.0,0.0
14.14,5000.0,5000.0,0.0,5000.0,0.0,0.0
14.15,5000.0,5000.0,0.0,5000.0,0.0,0.0
14.16,5000.0,5000.0,0.0,5000.0,0.0,0.0
14.17,5000.0,5000.0,0.0,5000.0,0.0,0.0
14.18,5000.0,5000.0,0.0,5000.0,0.0,0.0
14.19,5000.0,5000.0,0.0,5000.0,0.0,0.0
14.2,5000.0,5000.0,0.0,5000.0,0.0,0.0
14.21,5000.0,5000.0,0.0,5000.0,0.0,0.0
14.22,5000.0,5000.0,0.0,5000.0,0.0,0.0
14.23,5000.0,5000.0,0.0,5000.0,0.0,0.0
14.24,5000.0,5000.0,0.0,5000.0,0.0,0.0
14.25,5000.0,5000.0,0.0,5000.0,0.0,0.0
14.26,5000.0,5000.0,0.0,5000.0,0.0,0.0
14.27,5000.0,5000.0,0.0,5000.0,0.0,0.0
14.28,5000.0,5000.0,0.0,5000.0,0.0,0.0
14.29,5000.0,5000.0,0.0,5000.0,0.0,0.0
14.3,5000.0,5000.0,0.0,5000.0,0.0,0.0
14.31,5000.0,5000.0,0.0,5000.0,0.0,0.0
14.32,5000.0,5000.0,0.0,5000.0,0.0,0.0
14.33,5000.0,5000.0,0.0,5000.0,0.0,0.0
14.34,5000.0,5000.0,0.0,5000.0,0.0,0.0
14.35,5000.0,5000.0,0.0,5000.0,0.0,0.0
14.36,5000.0,5000.0,0.0,5000.0,0.0,0.0
14.37,5000.0,5000.0,0.0,5000.0,0.0,0.0
14.38,5000.0,5000.0,0.0,5000.0,0.0,0.0
14.39,5000.0,5000.0,0.0,5000.0,0.0,0.0
14.4,5000.0,5000.0,0.0,5000.0,0.0,0.0
14.41,5000.0,5000.0,0.0,5000.0,0.0,0.0
14.42,5000.0,5000.0,0.0,5000.0,0.0,0.0
14.43,5000.0,5000.0,0.0,5000.0,0.0,0.0
14.44,5000.0,5000.0,0.0,5000.0,0.0,0.0
14.45,5000.0,5000.0,0.0,5000.0,0.0,0.0
14.46,5000.0,5000.0,0.0,5000.0,0.0,0.0
14.47,5000.0,5000.0,0.0,5000.0,0.0,0.0
14.48,5000.0,5000.0,0.0,5000.0,0.0,0.0
14.49,5000.0,5000.0,0.0,5000.0,0.0,0.0
14.5,5000.0,5000.0,0.0,5000.0,0.0,0.0
14.51,5000.0,5000.0,0.0,5000.0,0.0,0.0
14.52,5000.0,5000.0,0.0,5000.0,0.0,0.0
14.53,5000.0,5000.0,0.0,5000.0,0.0,0.0
14.54,5000.0,5000.0,0.0,5000.0,0.0,0.0
14.55,5000.0,5000.0,0.0,5000.0,0.0,0.0
14.56,5000.0,5000.0,0.0,5000.0,0.0,0.0
14.57,5000.0,5000.0,0.0,5000.0,0.0,0.0
14.58,5000.0,5000.0,0.0,5000.0,0.0,0.0
14.59,5000.0,5000.0,0.0,5000.0,0.0,0.0
14.6,5000.0,5000.0,0.0,5000.0,0.0,0.0
14.61,5000.0,5000.0,0.0,5000.0,0.0,0.0
14.62,5000.0,5000.0,0.0,5000.0,0.0,0.0
14.63,5000.0,5000.0,0.0,5000.0,0.0,0.0
14.64,5000.0,5000.0,0.0,5000.0,0.0,0.0
14.65,5000.0,5000.0,0.0,5000.0,0.0,0.0
14.66,5000.0,5000.0,0.0,5000.0,0.0,0.0
14.67,5000.0,5000.0,0.0,5000.0,0.0,0.0
14.68,5000.0,5000.0,0.0,5000.0,0.0,0.0
14.69,5000.0,5000.0,0.0,5000.0,0.0,0.0
14.7,5000.0,5000.0,0.0,5000.0,0.0,0.0
14.71,5000.0,5000.0,0.0,5000.0,0.0,0.0
14.72,5000.0,5000.0,0.0,5000.0,0.0,0.0
14.73,5000.0,5000.0,0.0,5000.0,0.0,0.0
14.74,5000.0,5000.0,0.0,5000.0,0.0,0.0
14.75,5000.0,5000.0,0.0,5000.0,0.0,0.0
14.76,5000.0,5000.0,0.0,5000.0,0.0,0.0
14.77,5000.0,5000.0,0.0,5000.0,0.0,0.0
14.78,5000.0,5000.0,0.0,5000.0,0.0,0.0
14.79,5000.0,5000.0,0.0,5000.0,0.0,0.0
14.8,5000.0,5000.0,0.0,5000.0,0.0,0.0
14.81,5000.0,5000.0,0.0,5000.0,0.0,0.0
14.82,5000.0,5000.0,0.0,5000.0,0.0,0.0
14.83,5000.0,5000.0,0.0,5000.0,0.0,0.0
14.84,5000.0,5000.0,0.0,5000.0,0.0,0.0
14.85,5000.0,5000.0,0.0,5000.0,0.0,0.0
14.86,5000.0,5000.0,0.0,5000.0,0.0,0.0
14.87,5000.0,5000.0,0.0,5000.0,0.0,0.0
14.88,5000.0,5000.0,0.0,5000.0,0.0,0.0
14.89,5000.0,5000.0,0.0,5000.0,0.0,0.0
14.9,5000.0,5000.0,0.0,5000.0,0.0,0.0
14.91,5000.0,5000.0,0.0,5000.0,0.0,0.0
14.92,5000.0,5000.0,0.0,5000.0,0.0,0.0
14.93,5000.0,5000.0,0.0,5000.0,0.0,0.0
14.94,5000.0,5000.0,0.0,5000.0,0.0,0.0
14.95,5000.0,5000.0,0.0,5000.0,0.0,0.0
14.96,5000.0,5000.0,0.0,5000.0,0.0,0.0
14.97,5000.0,5000.0,0.0,5000.0,0.0,0.0
14.98,5000.0,5000.0,0.0,5000.0,0.0,0.0
14.99,5000.0,5000.0,0.0,5000.0,0.0,0.0
15.0,5000.0,5000.0,0.0,5000.0,0.0,0.0
15.01,5000.0,5000.0,0.0,5000.0,0.0,0.0
15.02,5000.0,5000.0,0.0,5000.0,0.0,0.0
15.03,5000.0,5000.0,0.0,5000.0,0.0,0.0
15.04,5000.0,5000.0,0.0,5000.0,0.0,0.0
15.05,5000.0,5000.0,0.0,5000.0,0.0,0.0
15.06,5000.0,5000.0,0.0,5000.0,0.0,0.0
15.07,5000.0,5000.0,0.0,5000.0,0.0,0.0
15.08,5000.0,5000.0,0.0,5000.0,0.0,0.0
15.09,5000.0,5000.0,0.0,5000.0,0.0,0.0
15.1,5000.0,5000.0,0.0,5000.0,0.0,0.0
15.11,5000.0,5000.0,0.0,5000.0,0.0,0.0
15.12,5000.0,5000.0,0.0,5000.0,0.0,0.0
15.13,5000.0,5000.0,0.0,5000.0,0.0,0.0
15.14,5000.0,5000.0,0.0,5000.0,0.0,0.0
15.15,5000.0,5000.0,0.0,5000.0,0.0,0.0
15.16,5000.0,5000.0,0.0,5000.0,0.0,0.0
15.17,5000.0,5000.0,0.0,5000.0,0.0,0.0
15.18,5000.0,5000.0,0.0,5000.0,0.0,0.0
15.19,5000.0,5000.0,0.0,5000.0,0.0,0.0
15.2,5000.0,5000.0,0.0,5000.0,0.0,0.0
15.21,5000.0,5000.0,0.0,5000.0,0.0,0.0
15.22,5000.0,5000.0,0.0,5000.0,0.0,0.0
15.23,5000.0,5000.0,0.0,5000.0,0.0,0.0
15.24,5000.0,5000.0,0.0,5000.0,0.0,0.0
15.25,5000.0,5000.0,0.0,5000.0,0.0,0.0
15.26,5000.0,5000.0,0.0,5000.0,0.0,0.0
15.27,5000.0,5000.0,0.0,5000.0,0.0,0.0
15.28,5000.0,5000.0,0.0,5000.0,0.0,0.0
15.29,5000.0,5000.0,0.0,5000.0,0.0,0.0
15.3,5000.0,5000.0,0.0,5000.0,0.0,0.0
15.31,5000.0,5000.0,0.0,5000.0,0.0,0.0
15.32,5000.0,5000.0,0.0,5000.0,0.0,0.0
15.33,5000.0,5000.0,0.0,5000.0,0.0,0.0
15.34,5000.0,5000.0,0.0,5000.0,0.0,0.0
15.35,5000.0,5000.0,0.0,5000.0,0.0,0.0
15.36,5000.0,5000.0,0.0,5000.0,0.0,0.0
15.37,5000.0,5000.0,0.0,5000.0,0.0,0.0
15.38,5000.0,5000.0,0.0,5000.0,0.0,0.0
15.39,5000.0,5000.0,0.0,5000.0,0.0,0.0
15.4,5000.0,5000.0,0.0,5000.0,0.0,0.0
15.41,5000.0,5000.0,0.0,5000.0,0.0,0.0
15.42,5000.0,5000.0,0.0,5000.0,0.0,0.0
15.43,5000.0,5000.0,0.0,5000.0,0.0,0.0
15.44,5000.0,5000.0,0.0,5000.0,0.0,0.0
15.45,5000.0,5000.0,0.0,5000.0,0.0,0.0
15.46,5000.0,5000.0,0.0,5000.0,0.0,0.0
15.47,5000.0,5000.0,0.0,5000.0,0.0,0.0
15.48,5000.0,5000.0,0.0,5000.0,0.0,0.0
15.49,5000.0,5000.0,0.0,5000.0,0.0,0.0
15.5,5000.0,5000.0,0.0,5000.0,0.0,0.0
15.51,5000.0,5000.0,0.0,5000.0,0.0,0.0
15.52,5000.0,5000.0,0.0,5000.0,0.0,0.0
15.53,5000.0,5000.0,0.0,5000.0,0.0,0.0
15.54,5000.0,5000.0,0.0,5000.0,0.0,0.0
15.55,5000.0,5000.0,0.0,5000.0,0.0,0.0
15.56,5000.0,5000.0,0.0,5000.0,0.0,0.0
15.57,5000.0,5000.0,0.0,5000.0,0.0,0.0
15.58,5000.0,5000.0,0.0,5000.0,0.0,0.0
15.59,5000.0,5000.0,0.0,5000.0,0.0,0.0
15.6,5000.0,5000.0,0.0,5000.0,0.0,0.0
15.61,5000.0,5000.0,0.0,5000.0,0.0,0.0
15.62,5000.0,5000.0,0.0,5000.0,0.0,0.0
15.63,5000.0,5000.0,0.0,5000.0,0.0,0.0
15.64,5000.0,5000.0,0.0,5000.0,0.0,0.0
15.65,5000.0,5000.0,0.0,5000.0,0.0,0.0
15.66,5000.0,5000.0,0.0,5000.0,0.0,0.0
15.67,5000.0,5000.0,0.0,5000.0,0.0,0.0
15.68,5000.0,5000.0,0.0,5000.0,0.0,0.0
15.69,5000.0,5000.0,0.0,5000.0,0.0,0.0
15.7,5000.0,5000.0,0.0,5000.0,0.0,0.0
15.71,5000.0,5000.0,0.0,5000.0,0.0,0.0
15.72,5000.0,5000.0,0.0,5000.0,0.0,0.0
15.73,5000.0,5000.0,0.0,5000.0,0.0,0.0
15.74,5000.0,5000.0,0.0,5000.0,0.0,0.0
15.75,5000.0,5000.0,0.0,5000.0,0.0,0.0
15.76,5000.0,5000.0,0.0,5000.0,0.0,0.0
15.77,5000.0,5000.0,0.0,5000.0,0.0,0.0
15.78,5000.0,5000.0,0.0,5000.0,0.0,0.0
15.79,5000.0,5000.0,0.0,5000.0,0.0,0.0
15.8,5000.0,5000.0,0.0,5000.0,0.0,0.0
15.81,5000.0,5000.0,0.0,5000.0,0.0,0.0
15.82,5000.0,5000.0,0.0,5000.0,0.0,0.0
15.83,5000.0,5000.0,0.0,5000.0,0.0,0.0
15.84,5000.0,5000.0,0.0,5000.0,0.0,0.0
15.85,5000.0,5000.0,0.0,5000.0,0.0,0.0
15.86,5000.0,5000.0,0.0,5000.0,0.0,0.0
15.87,5000.0,5000.0,0.0,5000.0,0.0,0.0
15.88,5000.0,5000.0,0.0,5000.0,0.0,0.0
15.89,5000.0,5000.0,0.0,5000.0,0.0,0.0
15.9,5000.0,5000.0,0.0,5000.0,0.0,0.0
15.91,5000.0,5000.0,0.0,5000.0,0.0,0.0
15.92,5000.0,5000.0,0.0,5000.0,0.0,0.0
15.93,5000.0,5000.0,0.0,5000.0,0.0,0.0
15.94,5000.0,5000.0,0.0,5000.0,0.0,0.0
15.95,5000.0,5000.0,0.0,5000.0,0.0,0.0
15.96,5000.0,5000.0,0.0,5000.0,0.0,0.0
15.97,5000.0,5000.0,0.0,5000.0,0.0,0.0
15.98,5000.0,5000.0,0.0,5000.0,0.0,0.0
15.99,5000.0,5000.0,0.0,5000.0,0.0,0.0
16.0,5000.0,5000.0,0.0,5000.0,0.0,0.0
16.01,5000.0,5000.0,0.0,5000.0,0.0,0.0
16.02,5000.0,5000.0,0.0,5000.0,0.0,0.0
16.03,5000.0,5000.0,0.0,5000.0,0.0,0.0
16.04,5000.0,5000.0,0.0,5000.0,0.0,0.0
16.05,5000.0,5000.0,0.0,5000.0,0.0,0.0
16.06,5000.0,5000.0,0.0,5000.0,0.0,0.0
16.07,5000.0,5000.0,0.0,5000.0,0.0,0.0
16.08,5000.0,5000.0,0.0,5000.0,0.0,0.0
16.09,5000.0,5000.0,0.0,5000.0,0.0,0.0
16.1,5000.0,5000.0,0.0,5000.0,0.0,0.0
16.11,5000.0,5000.0,0.0,5000.0,0.0,0.0
16.12,5000.0,5000.0,0.0,5000.0,0.0,0.0
16.13,5000.0,5000.0,0.0,5000.0,0.0,0.0
16.14,5000.0,5000.0,0.0,5000.0,0.0,0.0
16.15,5000.0,5000.0,0.0,5000.0,0.0,0.0
16.16,5000.0,5000.0,0.0,5000.0,0.0,0.0
16.17,5000.0,5000.0,0.0,5000.0,0.0,0.0
16.18,5000.0,5000.0,0.0,5000.0,0.0,0.0
16.19,5000.0,5000.0,0.0,5000.0,0.0,0.0
16.2,5000.0,5000.0,0.0,5000.0,0.0,0.0
16.21,5000.0,5000.0,0.0,5000.0,0.0,0.0
16.22,5000.0,5000.0,0.0,5000.0,0.0,0.0
16.23,5000.0,5000.0,0.0,5000.0,0.0,0.0
16.24,5000.0,5000.0,0.0,5000.0,0.0,0.0
16.25,5000.0,5000.0,0.0,5000.0,0.0,0.0
16.26,5000.0,5000.0,0.0,5000.0,0.0,0.0
16.27,5000.0,5000.0,0.0,5000.0,0.0,0.0
16.28,5000.0,5000.0,0.0,5000.0,0.0,0.0
16.29,5000.0,5000.0,0.0,5000.0,0.0,0.0
16.3,5000.0,5000.0,0.0,5000.0,0.0,0.0
16.31,5000.0,5000.0,0.0,5000.0,0.0,0.0
16.32,5000.0,5000.0,0.0,5000.0,0.0,0.0
16.33,5000.0,5000.0,0.0,5000.0,0.0,0.0
16.34,5000.0,5000.0,0.0,5000.0,0.0,0.0
16.35,5000.0,5000.0,0.0,5000.0,0.0,0.0
16.36,5000.0,5000.0,0.0,5000.0,0.0,0.0
16.37,5000.0,5000.0,0.0,5000.0,0.0,0.0
16.38,5000.0,5000.0,0.0,5000.0,0.0,0.0
16.39,5000.0,5000.0,0.0,5000.0,0.0,0.0
16.4,5000.0,5000.0,0.0,5000.0,0.0,0.0
16.41,5000.0,5000.0,0.0,5000.0,0.0,0.0
16.42,5000.0,5000.0,0.0,5000.0,0.0,0.0
16.43,5000.0,5000.0,0.0,5000.0,0.0,0.0
16.44,5000.0,5000.0,0.0,5000.0,0.0,0.0
16.45,5000.0,5000.0,0.0,5000.0,0.0,0.0
16.46,5000.0,5000.0,0.0,5000.0,0.0,0.0
16.47,5000.0,5000.0,0.0,5000.0,0.0,0.0
16.48,5000.0,5000.0,0.0,5000.0,0.0,0.0
16.49,5000.0,5000.0,0.0,5000.0,0.0,0.0
16.5,5000.0,5000.0,0.0,5000.0,0.0,0.0
16.51,5000.0,5000.0,0.0,5000.0,0.0,0.0
16.52,5000.0,5000.0,0.0,5000.0,0.0,0.0
16.53,5000.0,5000.0,0.0,5000.0,0.0,0.0
16.54,5000.0,5000.0,0.0,5000.0,0.0,0.0
16.55,5000.0,5000.0,0.0,5000.0,0.0,0.0
16.56,5000.0,5000.0,0.0,5000.0,0.0,0.0
16.57,5000.0,5000.0,0.0,5000.0,0.0,0.0
16.58,5000.0,5000.0,0.0,5000.0,0.0,0.0
16.59,5000.0,5000.0,0.0,5000.0,0.0,0.0
16.6,5000.0,5000.0,0.0,5000.0,0.0,0.0
16.61,5000.0,5000.0,0.0,5000.0,0.0,0.0
16.62,5000.0,5000.0,0.0,5000.0,0.0,0.0
16.63,5000.0,5000.0,0.0,5000.0,0.0,0.0
16.64,5000.0,5000.0,0.0,5000.0,0.0,0.0
16.65,5000.0,5000.0,0.0,5000.0,0.0,0.0
16.66,5000.0,5000.0,0.0,5000.0,0.0,0.0
16.67,5000.0,5000.0,0.0,5000.0,0.0,0.0
16.68,5000.0,5000.0,0.0,5000.0,0.0,0.0
16.69,5000.0,5000.0,0.0,5000.0,0.0,0.0
16.7,5000.0,5000.0,0.0,5000.0,0.0,0.0
16.71,5000.0,5000.0,0.0,5000.0,0.0,0.0
16.72,5000.0,5000.0,0.0,5000.0,0.0,0.0
16.73,5000.0,5000.0,0.0,5000.0,0.0,0.0
16.74,5000.0,5000.0,0.0,5000.0,0.0,0.0
16.75,5000.0,5000.0,0.0,5000.0,0.0,0.0
16.76,5000.0,5000.0,0.0,5000.0,0.0,0.0
16.77,5000.0,5000.0,0.0,5000.0,0.0,0.0
16.78,5000.0,5000.0,0.0,5000.0,0.0,0.0
16.79,5000.0,5000.0,0.0,5000.0,0.0,0.0
16.8,5000.0,5000.0,0.0,5000.0,0.0,0.0
16.81,5000.0,5000.0,0.0,5000.0,0.0,0.0
16.82,5000.0,5000.0,0.0,5000.0,0.0,0.0
16.83,5000.0,5000.0,0.0,5000.0,0.0,0.0
16.84,5000.0,5000.0,0.0,5000.0,0.0,0.0
16.85,5000.0,5000.0,0.0,5000.0,0.0,0.0
16.86,5000.0,5000.0,0.0,5000.0,0.0,0.0
16.87,5000.0,5000.0,0.0,5000.0,0.0,0.0
16.88,5000.0,5000.0,0.0,5000.0,0.0,0.0
16.89,5000.0,5000.0,0.0,5000.0,0.0,0.0
16.9,5000.0,5000.0,0.0,5000.0,0.0,0.0
16.91,5000.0,5000.0,0.0,5000.0,0.0,0.0
16.92,5000.0,5000.0,0.0,5000.0,0.0,0.0
16.93,5000.0,5000.0,0.0,5000.0,0.0,0.0
16.94,5000.0,5000.0,0.0,5000.0,0.0,0.0
16.95,5000.0,5000.0,0.0,5000.0,0.0,0.0
16.96,5000.0,5000.0,0.0,5000.0,0.0,0.0
16.97,5000.0,5000.0,0.0,5000.0,0.0,0.0
16.98,5000.0,5000.0,0.0,5000.0,0.0,0.0
16.99,5000.0,5000.0,0.0,5000.0,0.0,0.0
17.0,5000.0,5000.0,0.0,5000.0,0.0,0.0
17.01,5000.0,5000.0,0.0,5000.0,0.0,0.0
17.02,5000.0,5000.0,0.0,5000.0,0.0,0.0
17.03,5000.0,5000.0,0.0,5000.0,0.0,0.0
17.04,5000.0,5000.0,0.0,5000.0,0.0,0.0
17.05,5000.0,5000.0,0.0,5000.0,0.0,0.0
17.06,5000.0,5000.0,0.0,5000.0,0.0,0.0
17.07,5000.0,5000.0,0.0,5000.0,0.0,0.0
17.08,5000.0,5000.0,0.0,5000.0,0.0,0.0
17.09,5000.0,5000.0,0.0,5000.0,0.0,0.0
17.1,5000.0,5000.0,0.0,5000.0,0.0,0.0
17.11,5000.0,5000.0,0.0,5000.0,0.0,0.0
17.12,5000.0,5000.0,0.0,5000.0,0.0,0.0
17.13,5000.0,5000.0,0.0,5000.0,0.0,0.0
17.14,5000.0,5000.0,0.0,5000.0,0.0,0.0
17.15,5000.0,5000.0,0.0,5000.0,0.0,0.0
17.16,5000.0,5000.0,0.0,5000.0,0.0,0.0
17.17,5000.0,5000.0,0.0,5000.0,0.0,0.0
17.18,5000.0,5000.0,0.0,5000.0,0.0,0.0
17.19,5000.0,5000.0,0.0,5000.0,0.0,0.0
17.2,5000.0,5000.0,0.0,5000.0,0.0,0.0
17.21,5000.0,5000.0,0.0,5000.0,0.0,0.0
17.22,5000.0,5000.0,0.0,5000.0,0.0,0.0
17.23,5000.0,5000.0,0.0,5000.0,0.0,0.0
17.24,5000.0,5000.0,0.0,5000.0,0.0,0.0
17.25,5000.0,5000.0,0.0,5000.0,0.0,0.0
17.26,5000.0,5000.0,0.0,5000.0,0.0,0.0
17.27,5000.0,5000.0,0.0,5000.0,0.0,0.0
17.28,5000.0,5000.0,0.0,5000.0,0.0,0.0
17.29,5000.0,5000.0,0.0,5000.0,0.0,0.0
17.3,5000.0,5000.0,0.0,5000.0,0.0,0.0
17.31,5000.0,5000.0,0.0,5000.0,0.0,0.0
17.32,5000.0,5000.0,0.0,5000.0,0.0,0.0
17.33,5000.0,5000.0,0.0,5000.0,0.0,0.0
17.34,5000.0,5000.0,0.0,5000.0,0.0,0.0
17.35,5000.0,5000.0,0.0,5000.0,0.0,0.0
17.36,5000.0,5000.0,0.0,5000.0,0.0,0.0
17.37,5000.0,5000.0,0.0,5000.0,0.0,0.0
17.38,5000.0,5000.0,0.0,5000.0,0.0,0.0
17.39,5000.0,5000.0,0.0,5000.0,0.0,0.0
17.4,5000.0,5000.0,0.0,5000.0,0.0,0.0
17.41,5000.0,5000.0,0.0,5000.0,0.0,0.0
17.42,5000.0,5000.0,0.0,5000.0,0.0,0.0
17.43,5000.0,5000.0,0.0,5000.0,0.0,0.0
17.44,5000.0,5000.0,0.0,5000.0,0.0,0.0
17.45,5000.0,5000.0,0.0,5000.0,0.0,0.0
17.46,5000.0,5000.0,0.0,5000.0,0.0,0.0
17.47,5000.0,5000.0,0.0,5000.0,0.0,0.0
17.48,5000.0,5000.0,0.0,5000.0,0.0,0.0
17.49,5000.0,5000.0,0.0,5000.0,0.0,0.0
17.5,5000.0,5000.0,0.0,5000.0,0.0,0.0
17.51,5000.0,5000.0,0.0,5000.0,0.0,0.0
17.52,5000.0,5000.0,0.0,5000.0,0.0,0.0
17.53,5000.0,5000.0,0.0,5000.0,0.0,0.0
17.54,5000.0,5000.0,0.0,5000.0,0.0,0.0
17.55,5000.0,5000.0,0.0,5000.0,0.0,0.0
17.56,5000.0,5000.0,0.0,5000.0,0.0,0.0
17.57,5000.0,5000.0,0.0,5000.0,0.0,0.0
17.58,5000.0,5000.0,0.0,5000.0,0.0,0.0
17.59,5000.0,5000.0,0.0,5000.0,0.0,0.0
17.6,5000.0,5000.0,0.0,5000.0,0.0,0.0
17.61,5000.0,5000.0,0.0,5000.0,0.0,0.0
17.62,5000.0,5000.0,0.0,5000.0,0.0,0.0
17.63,5000.0,5000.0,0.0,5000.0,0.0,0.0
17.64,5000.0,5000.0,0.0,5000.0,0.0,0.0
17.65,5000.0,5000.0,0.0,5000.0,0.0,0.0
17.66,5000.0,5000.0,0.0,5000.0,0.0,0.0
17.67,5000.0,5000.0,0.0,5000.0,0.0,0.0
17.68,5000.0,5000.0,0.0,5000.0,0.0,0.0
17.69,5000.0,5000.0,0.0,5000.0,0.0,0.0
17.7,5000.0,5000.0,0.0,5000.0,0.0,0.0
17.71,5000.0,5000.0,0.0,5000.0,0.0,0.0
17.72,5000.0,5000.0,0.0,5000.0,0.0,0.0
17.73,5000.0,5000.0,0.0,5000.0,0.0,0.0
17.74,5000.0,5000.0,0.0,5000.0,0.0,0.0
17.75,5000.0,5000.0,0.0,5000.0,0.0,0.0
17.76,5000.0,5000.0,0.0,5000.0,0.0,0.0
17.77,5000.0,5000.0,0.0,5000.0,0.0,0.0
17.78,5000.0,5000.0,0.0,5000.0,0.0,0.0
17.79,5000.0,5000.0,0.0,5000.0,0.0,0.0
17.8,5000.0,5000.0,0.0,5000.0,0.0,0.0
17.81,5000.0,5000.0,0.0,5000.0,0.0,0.0
17.82,5000.0,5000.0,0.0,5000.0,0.0,0.0
17.83,5000.0,5000.0,0.0,5000.0,0.0,0.0
17.84,5000.0,5000.0,0.0,5000.0,0.0,0.0
17.85,5000.0,5000.0,0.0,5000.0,0.0,0.0
17.86,5000.0,5000.0,0.0,5000.0,0.0,0.0
17.87,5000.0,5000.0,0.0,5000.0,0.0,0.0
17.88,5000.0,5000.0,0.0,5000.0,0.0,0.0
17.89,5000.0,5000.0,0.0,5000.0,0.0,0.0
17.9,5000.0,5000.0,0.0,5000.0,0.0,0.0
17.91,5000.0,5000.0,0.0,5000.0,0.0,0.0
17.92,5000.0,5000.0,0.0,5000.0,0.0,0.0
17.93,5000.0,5000.0,0.0,5000.0,0.0,0.0
17.94,5000.0,5000.0,0.0,5000.0,0.0,0.0
17.95,5000.0,5000.0,0.0,5000.0,0.0,0.0
17.96,5000.0,5000.0,0.0,5000.0,0.0,0.0
17.97,5000.0,5000.0,0.0,5000.0,0.0,0.0
17.98,5000.0,5000.0,0.0,5000.0,0.0,0.0
17.99,5000.0,5000.0,0.0,5000.0,0.0,0.0
18.0,5000.0,5000.0,0.0,5000.0,0.0,0.0
18.01,5000.0,5000.0,0.0,5000.0,0.0,0.0
18.02,5000.0,5000.0,0.0,5000.0,0.0,0.0
18.03,5000.0,5000.0,0.0,5000.0,0.0,0.0
18.04,5000.0,5000.0,0.0,5000.0,0.0,0.0
18.05,5000.0,5000.0,0.0,5000.0,0.0,0.0
18.06,5000.0,5000.0,0.0,5000.0,0.0,0.0
18.07,5000.0,5000.0,0.0,5000.0,0.0,0.0
18.08,5000.0,5000.0,0.0,5000.0,0.0,0.0
18.09,5000.0,5000.0,0.0,5000.0,0.0,0.0
18.1,5000.0,5000.0,0.0,5000.0,0.0,0.0
18.11,5000.0,5000.0,0.0,5000.0,0.0,0.0
18.12,5000.0,5000.0,0.0,5000.0,0.0,0.0
18.13,5000.0,5000.0,0.0,5000.0,0.0,0.0
18.14,5000.0,5000.0,0.0,5000.0,0.0,0.0
18.15,5000.0,5000.0,0.0,5000.0,0.0,0.0
18.16,5000.0,5000.0,0.0,5000.0,0.0,0.0
18.17,5000.0,5000.0,0.0,5000.0,0.0,0.0
18.18,5000.0,5000.0,0.0,5000.0,0.0,0.0
18.19,5000.0,5000.0,0.0,5000.0,0.0,0.0
18.2,5000.0,5000.0,0.0,5000.0,0.0,0.0
18.21,5000.0,5000.0,0.0,5000.0,0.0,0.0
18.22,5000.0,5000.0,0.0,5000.0,0.0,0.0
18.23,5000.0,5000.0,0.0,5000.0,0.0,0.0
18.24,5000.0,5000.0,0.0,5000.0,0.0,0.0
18.25,5000.0,5000.0,0.0,5000.0,0.0,0.0
18.26,5000.0,5000.0,0.0,5000.0,0.0,0.0
18.27,5000.0,5000.0,0.0,5000.0,0.0,0.0
18.28,5000.0,5000.0,0.0,5000.0,0.0,0.0
18.29,5000.0,5000.0,0.0,5000.0,0.0,0.0
18.3,5000.0,5000.0,0.0,5000.0,0.0,0.0
18.31,5000.0,5000.0,0.0,5000.0,0.0,0.0
18.32,5000.0,5000.0,0.0,5000.0,0.0,0.0
18.33,5000.0,5000.0,0.0,5000.0,0.0,0.0
18.34,5000.0,5000.0,0.0,5000.0,0.0,0.0
18.35,5000.0,5000.0,0.0,5000.0,0.0,0.0
18.36,5000.0,5000.0,0.0,5000.0,0.0,0.0
18.37,5000.0,5000.0,0.0,5000.0,0.0,0.0
18.38,5000.0,5000.0,0.0,5000.0,0.0,0.0
18.39,5000.0,5000.0,0.0,5000.0,0.0,0.0
18.4,5000.0,5000.0,0.0,5000.0,0.0,0.0
18.41,5000.0,5000.0,0.0,5000.0,0.0,0.0
18.42,5000.0,5000.0,0.0,5000.0,0.0,0.0
18.43,5000.0,5000.0,0.0,5000.0,0.0,0.0
18.44,5000.0,5000.0,0.0,5000.0,0.0,0.0
18.45,5000.0,5000.0,0.0,5000.0,0.0,0.0
18.46,5000.0,5000.0,0.0,5000.0,0.0,0.0
18.47,5000.0,5000.0,0.0,5000.0,0.0,0.0
18.48,5000.0,5000.0,0.0,5000.0,0.0,0.0
18.49,5000.0,5000.0,0.0,5000.0,0.0,0.0
18.5,5000.0,5000.0,0.0,5000.0,0.0,0.0
18.51,5000.0,5000.0,0.0,5000.0,0.0,0.0
18.52,5000.0,5000.0,0.0,5000.0,0.0,0.0
18.53,5000.0,5000.0,0.0,5000.0,0.0,0.0
18.54,5000.0,5000.0,0.0,5000.0,0.0,0.0
18.55,5000.0,5000.0,0.0,5000.0,0.0,0.0
18.56,5000.0,5000.0,0.0,5000.0,0.0,0.0
18.57,5000.0,5000.0,0.0,5000.0,0.0,0.0
18.58,5000.0,5000.0,0.0,5000.0,0.0,0.0
18.59,5000.0,5000.0,0.0,5000.0,0.0,0.0
18.6,5000.0,5000.0,0.0,5000.0,0.0,0.0
18.61,5000.0,5000.0,0.0,5000.0,0.0,0.0
18.62,5000.0,5000.0,0.0,5000.0,0.0,0.0
18.63,5000.0,5000.0,0.0,5000.0,0.0,0.0
18.64,5000.0,5000.0,0.0,5000.0,0.0,0.0
18.65,5000.0,5000.0,0.0,5000.0,0.0,0.0
18.66,5000.0,5000.0,0.0,5000.0,0.0,0.0
18.67,5000.0,5000.0,0.0,5000.0,0.0,0.0
18.68,5000.0,5000.0,0.0,5000.0,0.0,0.0
18.69,5000.0,5000.0,0.0,5000.0,0.0,0.0
18.7,5000.0,5000.0,0.0,5000.0,0.0,0.0
18.71,5000.0,5000.0,0.0,5000.0,0.0,0.0
18.72,5000.0,5000.0,0.0,5000.0,0.0,0.0
18.73,5000.0,5000.0,0.0,5000.0,0.0,0.0
18.74,5000.0,5000.0,0.0,5000.0,0.0,0.0
18.75,5000.0,5000.0,0.0,5000.0,0.0,0.0
18.76,5000.0,5000.0,0.0,5000.0,0.0,0.0
18.77,5000.0,5000.0,0.0,5000.0,0.0,0.0
18.78,5000.0,5000.0,0.0,5000.0,0.0,0.0
18.79,5000.0,5000.0,0.0,5000.0,0.0,0.0
18.8,5000.0,5000.0,0.0,5000.0,0.0,0.0
18.81,5000.0,5000.0,0.0,5000.0,0.0,0.0
18.82,5000.0,5000.0,0.0,5000.0,0.0,0.0
18.83,5000.0,5000.0,0.0,5000.0,0.0,0.0
18.84,5000.0,5000.0,0.0,5000.0,0.0,0.0
18.85,5000.0,5000.0,0.0,5000.0,0.0,0.0
18.86,5000.0,5000.0,0.0,5000.0,0.0,0.0
18.87,5000.0,5000.0,0.0,5000.0,0.0,0.0
18.88,5000.0,5000.0,0.0,5000.0,0.0,0.0
18.89,5000.0,5000.0,0.0,5000.0,0.0,0.0
18.9,5000.0,5000.0,0.0,5000.0,0.0,0.0
18.91,5000.0,5000.0,0.0,5000.0,0.0,0.0
18.92,5000.0,5000.0,0.0,5000.0,0.0,0.0
18.93,5000.0,5000.0,0.0,5000.0,0.0,0.0
18.94,5000.0,5000.0,0.0,5000.0,0.0,0.0
18.95,5000.0,5000.0,0.0,5000.0,0.0,0.0
18.96,5000.0,5000.0,0.0,5000.0,0.0,0.0
18.97,5000.0,5000.0,0.0,5000.0,0.0,0.0
18.98,5000.0,5000.0,0.0,5000.0,0.0,0.0
18.99,5000.0,5000.0,0.0,5000.0,0.0,0.0
19.0,5000.0,5000.0,0.0,5000.0,0.0,0.0
19.01,5000.0,5000.0,0.0,5000.0,0.0,0.0
19.02,5000.0,5000.0,0.0,5000.0,0.0,0.0
19.03,5000.0,5000.0,0.0,5000.0,0.0,0.0
19.04,5000.0,5000.0,0.0,5000.0,0.0,0.0
19.05,5000.0,5000.0,0.0,5000.0,0.0,0.0
19.06,5000.0,5000.0,0.0,5000.0,0.0,0.0
19.07,5000.0,5000.0,0.0,5000.0,0.0,0.0
19.08,5000.0,5000.0,0.0,5000.0,0.0,0.0
19.09,5000.0,5000.0,0.0,5000.0,0.0,0.0
19.1,5000.0,5000.0,0.0,5000.0,0.0,0.0
19.11,5000.0,5000.0,0.0,5000.0,0.0,0.0
19.12,5000.0,5000.0,0.0,5000.0,0.0,0.0
19.13,5000.0,5000.0,0.0,5000.0,0.0,0.0
19.14,5000.0,5000.0,0.0,5000.0,0.0,0.0
19.15,5000.0,5000.0,0.0,5000.0,0.0,0.0
19.16,5000.0,5000.0,0.0,5000.0,0.0,0.0
19.17,5000.0,5000.0,0.0,5000.0,0.0,0.0
19.18,5000.0,5000.0,0.0,5000.0,0.0,0.0
19.19,5000.0,5000.0,0.0,5000.0,0.0,0.0
19.2,5000.0,5000.0,0.0,5000.0,0.0,0.0
19.21,5000.0,5000.0,0.0,5000.0,0.0,0.0
19.22,5000.0,5000.0,0.0,5000.0,0.0,0.0
19.23,5000.0,5000.0,0.0,5000.0,0.0,0.0
19.24,5000.0,5000.0,0.0,5000.0,0.0,0.0
19.25,5000.0,5000.0,0.0,5000.0,0.0,0.0
19.26,5000.0,5000.0,0.0,5000.0,0.0,0.0
19.27,5000.0,5000.0,0.0,5000.0,0.0,0.0
19.28,5000.0,5000.0,0.0,5000.0,0.0,0.0
19.29,5000.0,5000.0,0.0,5000.0,0.0,0.0
19.3,5000.0,5000.0,0.0,5000.0,0.0,0.0
19.31,5000.0,5000.0,0.0,5000.0,0.0,0.0
19.32,5000.0,5000.0,0.0,5000.0,0.0,0.0
19.33,5000.0,5000.0,0.0,5000.0,0.0,0.0
19.34,5000.0,5000.0,0.0,5000.0,0.0,0.0
19.35,5000.0,5000.0,0.0,5000.0,0.0,0.0
19.36,5000.0,5000.0,0.0,5000.0,0.0,0.0
19.37,5000.0,5000.0,0.0,5000.0,0.0,0.0
19.38,5000.0,5000.0,0.0,5000.0,0.0,0.0
19.39,5000.0,5000.0,0.0,5000.0,0.0,0.0
19.4,5000.0,5000.0,0.0,5000.0,0.0,0.0
19.41,5000.0,5000.0,0.0,5000.0,0.0,0.0
19.42,5000.0,5000.0,0.0,5000.0,0.0,0.0
19.43,5000.0,5000.0,0.0,5000.0,0.0,0.0
19.44,5000.0,5000.0,0.0,5000.0,0.0,0.0
19.45,5000.0,5000.0,0.0,5000.0,0.0,0.0
19.46,5000.0,5000.0,0.0,5000.0,0.0,0.0
19.47,5000.0,5000.0,0.0,5000.0,0.0,0.0
19.48,5000.0,5000.0,0.0,5000.0,0.0,0.0
19.49,5000.0,5000.0,0.0,5000.0,0.0,0.0
19.5,5000.0,5000.0,0.0,5000.0,0.0,0.0
19.51,5000.0,5000.0,0.0,5000.0,0.0,0.0
19.52,5000.0,5000.0,0.0,5000.0,0.0,0.0
19.53,5000.0,5000.0,0.0,5000.0,0.0,0.0
19.54,5000.0,5000.0,0.0,5000.0,0.0,0.0
19.55,5000.0,5000.0,0.0,5000.0,0.0,0.0
19.56,5000.0,5000.0,0.0,5000.0,0.0,0.0
19.57,5000.0,5000.0,0.0,5000.0,0.0,0.0
19.58,5000.0,5000.0,0.0,5000.0,0.0,0.0
19.59,5000.0,5000.0,0.0,5000.0,0.0,0.0
19.6,5000.0,5000.0,0.0,5000.0,0.0,0.0
19.61,5000.0,5000.0,0.0,5000.0,0.0,0.0
19.62,5000.0,5000.0,0.0,5000.0,0.0,0.0
19.63,5000.0,5000.0,0.0,5000.0,0.0,0.0
19.64,5000.0,5000.0,0.0,5000.0,0.0,0.0
19.65,5000.0,5000.0,0.0,5000.0,0.0,0.0
19.66,5000.0,5000.0,0.0,5000.0,0.0,0.0
19.67,5000.0,5000.0,0.0,5000.0,0.0,0.0
19.68,5000.0,5000.0,0.0,5000.0,0.0,0.0
19.69,5000.0,5000.0,0.0,5000.0,0.0,0.0
19.7,5000.0,5000.0,0.0,5000.0,0.0,0.0
19.71,5000.0,5000.0,0.0,5000.0,0.0,0.0
19.72,5000.0,5000.0,0.0,5000.0,0.0,0.0
19.73,5000.0,5000.0,0.0,5000.0,0.0,0.0
19.74,5000.0,5000.0,0.0,5000.0,0.0,0.0
19.75,5000.0,5000.0,0.0,5000.0,0.0,0.0
19.76,5000.0,5000.0,0.0,5000.0,0.0,0.0
19.77,5000.0,5000.0,0.0,5000.0,0.0,0.0
19.78,5000.0,5000.0,0.0,5000.0,0.0,0.0
19.79,5000.0,5000.0,0.0,5000.0,0.0,0.0
19.8,5000.0,5000.0,0.0,5000.0,0.0,0.0
19.81,5000.0,5000.0,0.0,5000.0,0.0,0.0
19.82,5000.0,5000.0,0.0,5000.0,0.0,0.0
19.83,5000.0,5000.0,0.0,5000.0,0.0,0.0
19.84,5000.0,5000.0,0.0,5000.0,0.0,0.0
19.85,5000.0,5000.0,0.0,5000.0,0.0,0.0
19.86,5000.0,5000.0,0.0,5000.0,0.0,0.0
19.87,5000.0,5000.0,0.0,5000.0,0.0,0.0
19.88,5000.0,5000.0,0.0,5000.0,0.0,0.0
19.89,5000.0,5000.0,0.0,5000.0,0.0,0.0
19.9,5000.0,5000.0,0.0,5000.0,0.0,0.0
19.91,5000.0,5000.0,0.0,5000.0,0.0,0.0
19.92,5000.0,5000.0,0.0,5000.0,0.0,0.0
19.93,5000.0,5000.0,0.0,5000.0,0.0,0.0
19.94,5000.0,5000.0,0.0,5000.0,0.0,0.0
19.95,5000.0,5000.0,0.0,5000.0,0.0,0.0
19.96,5000.0,5000.0,0.0,5000.0,0.0,0.0
19.97,5000.0,5000.0,0.0,5000.0,0.0,0.0
19.98,5000.0,5000.0,0.0,5000.0,0.0,0.0
19.99,5000.0,5000.0,0.0,5000.0,0.0,0.0
20.0,5000.0,5000.0,0.0,5000.0,0.0,0.0
